# Matter power spectrum P(k) at redshift z=0
# for k=5.98241e-06 to 1.00266 h/Mpc,
# number of wavenumbers equal to 705
#    1:k (h/Mpc)              2:P (Mpc/h)^3        
       5.982408221613e-06       2.233303585063e+02 
       1.187229051205e-05       4.330124050492e+02 
       1.776719358262e-05       6.392040379482e+02 
       2.367042790170e-05       8.433264501060e+02 
       2.958531675475e-05       1.046105308103e+03 
       3.551520245779e-05       1.248009511121e+03 
       4.146345261770e-05       1.449383886531e+03 
       4.743346645787e-05       1.650504294226e+03 
       5.342868122777e-05       1.851604237769e+03 
       5.945257871496e-05       2.052889847887e+03 
       6.550869187834e-05       2.254548695876e+03 
       7.160061162170e-05       2.456755545599e+03 
       7.773199372662e-05       2.659676190645e+03 
       8.390656596405e-05       2.863470197555e+03 
       9.012813540421e-05       3.068292936185e+03 
       9.640059594457e-05       3.274297029248e+03 
       1.027279360758e-04       3.481633714996e+03 
       1.091142469061e-04       3.690453720924e+03 
       1.155637304633e-04       3.900908162638e+03 
       1.220807082969e-04       4.113149058377e+03 
       1.286696303978e-04       4.327330445941e+03 
       1.353350844582e-04       4.543608188217e+03 
       1.420818054901e-04       4.762141517915e+03 
       1.489146858222e-04       4.983092431943e+03 
       1.558387854945e-04       5.206627039661e+03 
       1.628593430674e-04       5.432915572518e+03 
       1.699817868628e-04       5.662132934750e+03 
       1.772117466517e-04       5.894459164206e+03 
       1.845550658009e-04       6.130079872044e+03 
       1.920178138903e-04       6.369186685733e+03 
       1.996062998064e-04       6.611977775942e+03 
       2.073270853159e-04       6.858657837114e+03 
       2.151869991182e-04       7.109439424115e+03 
       2.231931513688e-04       7.364542877906e+03 
       2.313529486598e-04       7.624196235058e+03 
       2.396741094359e-04       7.888636965004e+03 
       2.481646798131e-04       8.158111722916e+03 
       2.568330497586e-04       8.432586818441e+03 
       2.656879695761e-04       8.711588422085e+03 
       2.747385666248e-04       8.996337859037e+03 
       2.839943621868e-04       9.287115058251e+03 
       2.934652883734e-04       9.584211074058e+03 
       3.031617049431e-04       9.887928223850e+03 
       3.130944158760e-04       1.019858053859e+04 
       3.232746855218e-04       1.051649428562e+04 
       3.337142541102e-04       1.084200810783e+04 
       3.444253523733e-04       1.117547204945e+04 
       3.554207149979e-04       1.151725068011e+04 
       3.667135925801e-04       1.186772251711e+04 
       3.783177617141e-04       1.222727629853e+04 
       3.902475328030e-04       1.259631575031e+04 
       4.025177551274e-04       1.297525765751e+04 
       4.151438186667e-04       1.336453223853e+04 
       4.281416521152e-04       1.376458121058e+04 
       4.415277164945e-04       1.417585889117e+04 
       4.553189937217e-04       1.459883153928e+04 
       4.695329694598e-04       1.503397427439e+04 
       4.841876095539e-04       1.548177528041e+04 
       4.993013293458e-04       1.594272794668e+04 
       5.148929551665e-04       1.641733481379e+04 
       5.309816773346e-04       1.690609853302e+04 
       5.475869940394e-04       1.740953504072e+04 
       5.647286455732e-04       1.792814543870e+04 
       5.824265384903e-04       1.846244309858e+04 
       6.007006594246e-04       1.901293140779e+04 
       6.195709784894e-04       1.958010130827e+04 
       6.390573424121e-04       2.016443423112e+04 
       6.591793578296e-04       2.076640086531e+04 
       6.799562654716e-04       2.138644500590e+04 
       7.014068062927e-04       2.202499091246e+04 
       7.235490809656e-04       2.268243121502e+04 
       7.464004045037e-04       2.335912945124e+04 
       7.699771581292e-04       2.405540736124e+04 
       7.942946408219e-04       2.477154820693e+04 
       8.193669232533e-04       2.550779001974e+04 
       8.452067070174e-04       2.626431392246e+04 
       8.718251921825e-04       2.704125936903e+04 
       8.992319562053e-04       2.783870255657e+04 
       9.274348471469e-04       2.865665417518e+04 
       9.564398939089e-04       2.949507874930e+04 
       9.862512358699e-04       3.035385912303e+04 
       1.016871073852e-03       3.123284080773e+04 
       1.048299643807e-03       3.213177240886e+04 
       1.080535213997e-03       3.305037963083e+04 
       1.113574105800e-03       3.398829435297e+04 
       1.147410737604e-03       3.494510634557e+04 
       1.182037690623e-03       3.592034742216e+04 
       1.217445794890e-03       3.691350367461e+04 
       1.253624233188e-03       3.792400897395e+04 
       1.290560660275e-03       3.895125858793e+04 
       1.328241334512e-03       3.999458098521e+04 
       1.366651258812e-03       4.105334185129e+04 
       1.405774327832e-03       4.212679346034e+04 
       1.445593478387e-03       4.321424560540e+04 
       1.486090840245e-03       4.431491937140e+04 
       1.527247884720e-03       4.542808037621e+04 
       1.569045568785e-03       4.655294558923e+04 
       1.611464472792e-03       4.768874799785e+04 
       1.654484930224e-03       4.883471751412e+04 
       1.698087148307e-03       4.999008598477e+04 
       1.742251318633e-03       5.115409284633e+04 
       1.786957717282e-03       5.232599459541e+04 
       1.832186794234e-03       5.350504763080e+04 
       1.877919252085e-03       5.469054072560e+04 
       1.924136114329e-03       5.588175810168e+04 
       1.970818783612e-03       5.707802720012e+04 
       2.017949090497e-03       5.827867927255e+04 
       2.065509333383e-03       5.948306953090e+04 
       2.113482310274e-03       6.069058124431e+04 
       2.161851343133e-03       6.190061082212e+04 
       2.210600295556e-03       6.311257902412e+04 
       2.259713584508e-03       6.432596995151e+04 
       2.309176186823e-03       6.554020855188e+04 
       2.358973641145e-03       6.675480452556e+04 
       2.409092045952e-03       6.796932490769e+04 
       2.459518054232e-03       6.918319015237e+04 
       2.510238865359e-03       7.039609447367e+04 
       2.561242214658e-03       7.160751213841e+04 
       2.612516361073e-03       7.281709048277e+04 
       2.664050073356e-03       7.402443779282e+04 
       2.715832615082e-03       7.522871392201e+04 
       2.767853728823e-03       7.642859686803e+04 
       2.820103619711e-03       7.762672108743e+04 
       2.872572938625e-03       7.882103572502e+04 
       2.925252765184e-03       8.001126843610e+04 
       2.978134590721e-03       8.119780114951e+04 
       3.031210301339e-03       8.238002910852e+04 
       3.084472161197e-03       8.355741360312e+04 
       3.137912796081e-03       8.473066379276e+04 
       3.191525177357e-03       8.589915681051e+04 
       3.245302606343e-03       8.706160377024e+04 
       3.299238699159e-03       8.821820530453e+04 
       3.353327372073e-03       8.936929837216e+04 
       3.407562827371e-03       9.051413445022e+04 
       3.461939539765e-03       9.165305579005e+04 
       3.516452243346e-03       9.278558726070e+04 
       3.571095919083e-03       9.391148615951e+04 
       3.625865782855e-03       9.503111497343e+04 
       3.680757274029e-03       9.614381033786e+04 
       3.735766044557e-03       9.725136628543e+04 
       3.790887948585e-03       9.835010472541e+04 
       3.846119032556e-03       9.944156398468e+04 
       3.901455525803e-03       1.005260055357e+05 
       3.956893831602e-03       1.016030672012e+05 
       4.012430518667e-03       1.026728419031e+05 
       4.068062313086e-03       1.037349116305e+05 
       4.123786090660e-03       1.047892433609e+05 
       4.179598869641e-03       1.058358426718e+05 
       4.235497803840e-03       1.068746532074e+05 
       4.291480176102e-03       1.079057616889e+05 
       4.347543392114e-03       1.089288748008e+05 
       4.403684974548e-03       1.099436659020e+05 
       4.459902557498e-03       1.109506113960e+05 
       4.516193881227e-03       1.119494069199e+05 
       4.572556787182e-03       1.129401129781e+05 
       4.628989213274e-03       1.139225548846e+05 
       4.685489189413e-03       1.148967130885e+05 
       4.742054833274e-03       1.158626100549e+05 
       4.798684346293e-03       1.168201531723e+05 
       4.855376009871e-03       1.177692777925e+05 
       4.912128181785e-03       1.187097552430e+05 
       4.968939292782e-03       1.196421570942e+05 
       5.025807843360e-03       1.205659028857e+05 
       5.082732400718e-03       1.214809569234e+05 
       5.139711595862e-03       1.223877773583e+05 
       5.196744120872e-03       1.232859149296e+05 
       5.253828726307e-03       1.241755523021e+05 
       5.310964218752e-03       1.250563951274e+05 
       5.368149458486e-03       1.259290089840e+05 
       5.425383357282e-03       1.267924601437e+05 
       5.482664876319e-03       1.276473568901e+05 
       5.539993024198e-03       1.284937252649e+05 
       5.597366855071e-03       1.293314255634e+05 
       5.654785466863e-03       1.301604669162e+05 
       5.712247999585e-03       1.309808060787e+05 
       5.769753633744e-03       1.317930395229e+05 
       5.827301588824e-03       1.325956092296e+05 
       5.884891121856e-03       1.333898101710e+05 
       5.942521526059e-03       1.341754686846e+05 
       6.000192129554e-03       1.349529031622e+05 
       6.057902294141e-03       1.357206980658e+05 
       6.115651414146e-03       1.364808750726e+05 
       6.173438915328e-03       1.372317236079e+05 
       6.231264253834e-03       1.379740825203e+05 
       6.289126915228e-03       1.387071942527e+05 
       6.347026413551e-03       1.394328455275e+05 
       6.404962290446e-03       1.401487711509e+05 
       6.462934114323e-03       1.408567884507e+05 
       6.520941479572e-03       1.415561296677e+05 
       6.578984005813e-03       1.422466142678e+05 
       6.637061337199e-03       1.429289344435e+05 
       6.695173141744e-03       1.436024037866e+05 
       6.753319110693e-03       1.442673349460e+05 
       6.811498957934e-03       1.449237150580e+05 
       6.869712419436e-03       1.455715212828e+05 
       6.927959252720e-03       1.462109952851e+05 
       6.986239236364e-03       1.468420472443e+05 
       7.044552169534e-03       1.474644831306e+05 
       7.102897871551e-03       1.480785786092e+05 
       7.161276181472e-03       1.486843331032e+05 
       7.219686957710e-03       1.492814595451e+05 
       7.278130077671e-03       1.498702558994e+05 
       7.336605437419e-03       1.504508207720e+05 
       7.395112951362e-03       1.510234861447e+05 
       7.453652551960e-03       1.515871533059e+05 
       7.512224189455e-03       1.521433152802e+05 
       7.570827831625e-03       1.526905185955e+05 
       7.629463463552e-03       1.532301440108e+05 
       7.688131087410e-03       1.537612543100e+05 
       7.746830722280e-03       1.542845913400e+05 
       7.805562403970e-03       1.547995748764e+05 
       7.864326184864e-03       1.553062939706e+05 
       7.923122133779e-03       1.558048724998e+05 
       7.981950335848e-03       1.562962547266e+05 
       8.040810892406e-03       1.567791893663e+05 
       8.099703920908e-03       1.572538084909e+05 
       8.158629554846e-03       1.577211684274e+05 
       8.217587943693e-03       1.581797827799e+05 
       8.276579252854e-03       1.586312404459e+05 
       8.335603663639e-03       1.590751895649e+05 
       8.394661373238e-03       1.595108549975e+05 
       8.453752594723e-03       1.599389308628e+05 
       8.512877557056e-03       1.603592717036e+05 
       8.572036505109e-03       1.607714226201e+05 
       8.631229699703e-03       1.611764105379e+05 
       8.690457417659e-03       1.615741239979e+05 
       8.749719951852e-03       1.619637002060e+05 
       8.809017611293e-03       1.623461117927e+05 
       8.868350721214e-03       1.627209436702e+05 
       8.927719623165e-03       1.630885000564e+05 
       8.987124675132e-03       1.634485117066e+05 
       9.046566251654e-03       1.638012791964e+05 
       9.106044743968e-03       1.641466282332e+05 
       9.165560560152e-03       1.644847832451e+05 
       9.225114125292e-03       1.648156220923e+05 
       9.284705881652e-03       1.651399191331e+05 
       9.344336288866e-03       1.654558742969e+05 
       9.404005824134e-03       1.657653128233e+05 
       9.463714982436e-03       1.660676275929e+05 
       9.523464276757e-03       1.663630426747e+05 
       9.583254238323e-03       1.666513702707e+05 
       9.643085416858e-03       1.669327425744e+05 
       9.702958380841e-03       1.672077101212e+05 
       9.762873717789e-03       1.674749271176e+05 
       9.822832034547e-03       1.677354562560e+05 
       9.882833957594e-03       1.679897416729e+05 
       9.942880133358e-03       1.682368640439e+05 
       1.000297122856e-02       1.684780349221e+05 
       1.006310793054e-02       1.687118702513e+05 
       1.012329094766e-02       1.689393338611e+05 
       1.018352100963e-02       1.691597953900e+05 
       1.024379886794e-02       1.693743824291e+05 
       1.030412529627e-02       1.695823603706e+05 
       1.036450109088e-02       1.697839119360e+05 
       1.042492707110e-02       1.699792343347e+05 
       1.048540407974e-02       1.701677110809e+05 
       1.054593298361e-02       1.703500283805e+05 
       1.060651467398e-02       1.705259860068e+05 
       1.066715006713e-02       1.706959519365e+05 
       1.072784010485e-02       1.708602860873e+05 
       1.078858575499e-02       1.710175804672e+05 
       1.084938801205e-02       1.711692938321e+05 
       1.091024789778e-02       1.713152888248e+05 
       1.097116646175e-02       1.714543816857e+05 
       1.103214478204e-02       1.715884736965e+05 
       1.109318396585e-02       1.717160335956e+05 
       1.115428515021e-02       1.718377064212e+05 
       1.121544950268e-02       1.719542699312e+05 
       1.127667822207e-02       1.720645722697e+05 
       1.133797253921e-02       1.721691691261e+05 
       1.139933371771e-02       1.722682685300e+05 
       1.146076305480e-02       1.723622737719e+05 
       1.152226188215e-02       1.724495431044e+05 
       1.158383156674e-02       1.725314826281e+05 
       1.164547351177e-02       1.726090190327e+05 
       1.170718915757e-02       1.726800548191e+05 
       1.176897998258e-02       1.727466936137e+05 
       1.183084750435e-02       1.728067916227e+05 
       1.189279328057e-02       1.728622062295e+05 
       1.195481891012e-02       1.729122472380e+05 
       1.201692603422e-02       1.729575193809e+05 
       1.207911633755e-02       1.729965541104e+05 
       1.214139154944e-02       1.730310999678e+05 
       1.220375344512e-02       1.730604351788e+05 
       1.226620384700e-02       1.730845528209e+05 
       1.232874462595e-02       1.731039653375e+05 
       1.239137770275e-02       1.731185366584e+05 
       1.245410504945e-02       1.731278400814e+05 
       1.251692869089e-02       1.731325203878e+05 
       1.257985070619e-02       1.731319533489e+05 
       1.264287323040e-02       1.731271601181e+05 
       1.270599845609e-02       1.731171268062e+05 
       1.276922863510e-02       1.731020509604e+05 
       1.283256608030e-02       1.730841055560e+05 
       1.289601316747e-02       1.730597325716e+05 
       1.295957233717e-02       1.730309405855e+05 
       1.302324609678e-02       1.729979785232e+05 
       1.308703702252e-02       1.729605045814e+05 
       1.315094776168e-02       1.729189063197e+05 
       1.321498103476e-02       1.728719596717e+05 
       1.327913963788e-02       1.728208682465e+05 
       1.334342644519e-02       1.727658081133e+05 
       1.340784441134e-02       1.727067081055e+05 
       1.347239657415e-02       1.726424963417e+05 
       1.353708605735e-02       1.725739090290e+05 
       1.360191607338e-02       1.725021296929e+05 
       1.366688992640e-02       1.724249547674e+05 
       1.373201101536e-02       1.723441533744e+05 
       1.379728283722e-02       1.722597405880e+05 
       1.386270899030e-02       1.721703804714e+05 
       1.392829317783e-02       1.720775287613e+05 
       1.399403921154e-02       1.719800673854e+05 
       1.405995101554e-02       1.718798011696e+05 
       1.412603263027e-02       1.717748622177e+05 
       1.419228821669e-02       1.716657966041e+05 
       1.425872206060e-02       1.715527276975e+05 
       1.432533857722e-02       1.714364987221e+05 
       1.439214231598e-02       1.713156053587e+05 
       1.445913796541e-02       1.711924621881e+05 
       1.452633035846e-02       1.710640844213e+05 
       1.459372447788e-02       1.709324893834e+05 
       1.466132546199e-02       1.707968005204e+05 
       1.472913861065e-02       1.706583215374e+05 
       1.479716939156e-02       1.705149907484e+05 
       1.486542344684e-02       1.703689363567e+05 
       1.493390659997e-02       1.702185979946e+05 
       1.500262486303e-02       1.700651906195e+05 
       1.507158444435e-02       1.699080397961e+05 
       1.514079175654e-02       1.697474595995e+05 
       1.521025342490e-02       1.695834416831e+05 
       1.527997629631e-02       1.694157351113e+05 
       1.534996744856e-02       1.692448816060e+05 
       1.542023420017e-02       1.690700818737e+05 
       1.549078412079e-02       1.688921212624e+05 
       1.556162504208e-02       1.687105173339e+05 
       1.563276506926e-02       1.685257430487e+05 
       1.570421259325e-02       1.683376601252e+05 
       1.577597630350e-02       1.681459826105e+05 
       1.584806520158e-02       1.679510025342e+05 
       1.592048861552e-02       1.677527373947e+05 
       1.599325621495e-02       1.675510659881e+05 
       1.606637802716e-02       1.673460404159e+05 
       1.613986445417e-02       1.671378887825e+05 
       1.621372629067e-02       1.669263070839e+05 
       1.628797474320e-02       1.667114343303e+05 
       1.636262145040e-02       1.664932880505e+05 
       1.643767850462e-02       1.662718433813e+05 
       1.651315847473e-02       1.660474542407e+05 
       1.658907443059e-02       1.658190226869e+05 
       1.666543996888e-02       1.655876271407e+05 
       1.674226924078e-02       1.653532011236e+05 
       1.681957698138e-02       1.651149473234e+05 
       1.689737854113e-02       1.648742335479e+05 
       1.697568991932e-02       1.646292409447e+05 
       1.705452779996e-02       1.643819524948e+05 
       1.713390959009e-02       1.641300507440e+05 
       1.721385346086e-02       1.638758024515e+05 
       1.729437839144e-02       1.636179543309e+05 
       1.737550421621e-02       1.633571993242e+05 
       1.745725167536e-02       1.630918008253e+05 
       1.753964246931e-02       1.628238257873e+05 
       1.762269931719e-02       1.625524971860e+05 
       1.770644601984e-02       1.622775769224e+05 
       1.779090752771e-02       1.619986121776e+05 
       1.787611001414e-02       1.617167882079e+05 
       1.796208095447e-02       1.614311580957e+05 
       1.804884921166e-02       1.611422333833e+05 
       1.813644512896e-02       1.608486821250e+05 
       1.822490063036e-02       1.605521236270e+05 
       1.831424932968e-02       1.602521408770e+05 
       1.840452664903e-02       1.599475174627e+05 
       1.849576994788e-02       1.596392812025e+05 
       1.858801866354e-02       1.593274215632e+05 
       1.868131446464e-02       1.590114653122e+05 
       1.877570141872e-02       1.586913417890e+05 
       1.887122617579e-02       1.583665798839e+05 
       1.896793816947e-02       1.580379221186e+05 
       1.906588983793e-02       1.577044621012e+05 
       1.916513686679e-02       1.573676357685e+05 
       1.926573845684e-02       1.570254896764e+05 
       1.936775761943e-02       1.566784806824e+05 
       1.947126150314e-02       1.563270390833e+05 
       1.957632175568e-02       1.559710774960e+05 
       1.968301492553e-02       1.556097529739e+05 
       1.979142290880e-02       1.552429109339e+05 
       1.990163344718e-02       1.548705364831e+05 
       2.001374068427e-02       1.544926106055e+05 
       2.012784578843e-02       1.541060140730e+05 
       2.024405765184e-02       1.537199870145e+05 
       2.036249367683e-02       1.533246783985e+05 
       2.048328066298e-02       1.529195458566e+05 
       2.060655581016e-02       1.525139301616e+05 
       2.073246785607e-02       1.520948788308e+05 
       2.086117836995e-02       1.516748810678e+05 
       2.099286322828e-02       1.512445869262e+05 
       2.112771430320e-02       1.508029994261e+05 
       2.126594140080e-02       1.503588003791e+05 
       2.140777449358e-02       1.499006244997e+05 
       2.155346630067e-02       1.494391580345e+05 
       2.170329528114e-02       1.489640965988e+05 
       2.185756911936e-02       1.484792379574e+05 
       2.201662879955e-02       1.479836433027e+05 
       2.218085338843e-02       1.474763408086e+05 
       2.235066567293e-02       1.469570659274e+05 
       2.252653883485e-02       1.464239900355e+05 
       2.270900438895e-02       1.458777344129e+05 
       2.289866166721e-02       1.453161001853e+05 
       2.309618920420e-02       1.447381728801e+05 
       2.330235846963e-02       1.441429657956e+05 
       2.351805051131e-02       1.435289868049e+05 
       2.374427621971e-02       1.428948023948e+05 
       2.398220111288e-02       1.422373968939e+05 
       2.423317577406e-02       1.415567903069e+05 
       2.449877336010e-02       1.408479208646e+05 
       2.478083593508e-02       1.401100948607e+05 
       2.508153175186e-02       1.393388769913e+05 
       2.540342594845e-02       1.385307086633e+05 
       2.574956731087e-02       1.376814420564e+05 
       2.612359348692e-02       1.367841959252e+05 
       2.652985572033e-02       1.358333801480e+05 
       2.697356066440e-02       1.348204638112e+05 
       2.746091903873e-02       1.337355698327e+05 
       2.799927532556e-02       1.325655977592e+05 
       2.859716441240e-02       1.312948891126e+05 
       2.926419552463e-02       1.299045014992e+05 
       3.001060437410e-02       1.283697940754e+05 
       3.084627144560e-02       1.266593177531e+05 
       3.177906263307e-02       1.247392545393e+05 
       3.281264115095e-02       1.225711453340e+05 
       3.394446006731e-02       1.201205356382e+05 
       3.516510640746e-02       1.173656986613e+05 
       3.645980299914e-02       1.143073569884e+05 
       3.781155587821e-02       1.109726757435e+05 
       3.920435626283e-02       1.074211900293e+05 
       4.062512863640e-02       1.037303899122e+05 
       4.206422502283e-02       9.999551012310e+04 
       4.351500700579e-02       9.631196502024e+04 
       4.497311366783e-02       9.276314596893e+04 
       4.643576421443e-02       8.943546540889e+04 
       4.790121817464e-02       8.637265136581e+04 
       4.936839853765e-02       8.360724360397e+04 
       5.083664330137e-02       8.114822486801e+04 
       5.230554703942e-02       7.897825172966e+04 
       5.377486184291e-02       7.707246178002e+04 
       5.524443611082e-02       7.537957963005e+04 
       5.671417699326e-02       7.384680166198e+04 
       5.818402744422e-02       7.240709556094e+04 
       5.965395223487e-02       7.100455478294e+04 
       6.112392944000e-02       6.958684095983e+04 
       6.259394525907e-02       6.811418422545e+04 
       6.406399086596e-02       6.655938990841e+04 
       6.553406049211e-02       6.491280501731e+04 
       6.700415025906e-02       6.317805795157e+04 
       6.847425746644e-02       6.137544582184e+04 
       6.994438015686e-02       5.953330377062e+04 
       7.141451684906e-02       5.768775987235e+04 
       7.288466637359e-02       5.587403822644e+04 
       7.435482777091e-02       5.413353710648e+04 
       7.582500022765e-02       5.249924973976e+04 
       7.729518303618e-02       5.099366412488e+04 
       7.876537556854e-02       4.963221915908e+04 
       8.023557725931e-02       4.841918319976e+04 
       8.170578759387e-02       4.734943234069e+04 
       8.317600610028e-02       4.640802417901e+04 
       8.464623234327e-02       4.557366556799e+04 
       8.611646591975e-02       4.481877551338e+04 
       8.758670645526e-02       4.411316312856e+04 
       8.905695360107e-02       4.342786735428e+04 
       9.052720703179e-02       4.273674417154e+04 
       9.199746644328e-02       4.201706765857e+04 
       9.346773155087e-02       4.125374891010e+04 
       9.493800208777e-02       4.043832076351e+04 
       9.640827780363e-02       3.957007960713e+04 
       9.787855846331e-02       3.865502241638e+04 
       9.934884384571e-02       3.770691914040e+04 
       1.008191337427e-01       3.674119614728e+04 
       1.022894279583e-01       3.578260317911e+04 
       1.037597263076e-01       3.484601059871e+04 
       1.052300286162e-01       3.395212145089e+04 
       1.067003347193e-01       3.311563385404e+04 
       1.081706444612e-01       3.234708268418e+04 
       1.096409576944e-01       3.165297459140e+04 
       1.111112742796e-01       3.103377409567e+04 
       1.125815940845e-01       3.048507906001e+04 
       1.140519169839e-01       2.999802934688e+04 
       1.155222428588e-01       2.956046759342e+04 
       1.169925715965e-01       2.915734174453e+04 
       1.184629030895e-01       2.877338926894e+04 
       1.199332372362e-01       2.839314647236e+04 
       1.214035739393e-01       2.800384900862e+04 
       1.228739131067e-01       2.759413293141e+04 
       1.243442546503e-01       2.715762162310e+04 
       1.258145984865e-01       2.669057199176e+04 
       1.272849445353e-01       2.619396834570e+04 
       1.287552927205e-01       2.567259270842e+04 
       1.302256429694e-01       2.513370814057e+04 
       1.316959952124e-01       2.458762975508e+04 
       1.331663493831e-01       2.404486423777e+04 
       1.346367054181e-01       2.351635979701e+04 
       1.361070632565e-01       2.301139158971e+04 
       1.375774228404e-01       2.253816464316e+04 
       1.390477841139e-01       2.210159170028e+04 
       1.405181470239e-01       2.170514261075e+04 
       1.419885115191e-01       2.134863527269e+04 
       1.434588775507e-01       2.102923056475e+04 
       1.449292450716e-01       2.074212871289e+04 
       1.463996140368e-01       2.048015749270e+04 
       1.478699844029e-01       2.023561799690e+04 
       1.493403561284e-01       1.999982432957e+04 
       1.508107291732e-01       1.976484703070e+04 
       1.522811034991e-01       1.952381865119e+04 
       1.537514790691e-01       1.927062714837e+04 
       1.552218558477e-01       1.900194015804e+04 
       1.566922338006e-01       1.871599553258e+04 
       1.581626128950e-01       1.841369357688e+04 
       1.596329930993e-01       1.809751310868e+04 
       1.611033743828e-01       1.777161805811e+04 
       1.625737567162e-01       1.744179947696e+04 
       1.640441400711e-01       1.711395398158e+04 
       1.655145244201e-01       1.679363897375e+04 
       1.669849097370e-01       1.648650116713e+04 
       1.684552959962e-01       1.619689624412e+04 
       1.699256831732e-01       1.592780627928e+04 
       1.713960712442e-01       1.568091182075e+04 
       1.728664601864e-01       1.545632656234e+04 
       1.743368499776e-01       1.525257005159e+04 
       1.758072405964e-01       1.506667403545e+04 
       1.772776320221e-01       1.489511244248e+04 
       1.787480242348e-01       1.473335955744e+04 
       1.802184172152e-01       1.457661977896e+04 
       1.816888109444e-01       1.442065299038e+04 
       1.831592054044e-01       1.426124097631e+04 
       1.846296005777e-01       1.409514912797e+04 
       1.860999964472e-01       1.392042160177e+04 
       1.875703929967e-01       1.373588307614e+04 
       1.890407902100e-01       1.354204203519e+04 
       1.905111880719e-01       1.334004283618e+04 
       1.919815865673e-01       1.313247094726e+04 
       1.934519856817e-01       1.292180595452e+04 
       1.949223854012e-01       1.271285069775e+04 
       1.963927857119e-01       1.250757803263e+04 
       1.978631866008e-01       1.230954371521e+04 
       1.993335880549e-01       1.212138499592e+04 
       2.008039900619e-01       1.194495849569e+04 
       2.022743926095e-01       1.178119125605e+04 
       2.037447956862e-01       1.163046464809e+04 
       2.052151992803e-01       1.149192847997e+04 
       2.066856033810e-01       1.136404154345e+04 
       2.081560079773e-01       1.124470551263e+04 
       2.096264130589e-01       1.113127073536e+04 
       2.110968186155e-01       1.102122858374e+04 
       2.125672246373e-01       1.091193337303e+04 
       2.140376311146e-01       1.080105325325e+04 
       2.155080380381e-01       1.068660101674e+04 
       2.169784453987e-01       1.056727218667e+04 
       2.184488531875e-01       1.044246994384e+04 
       2.199192613960e-01       1.031225939832e+04 
       2.213896700156e-01       1.017748726005e+04 
       2.228600790384e-01       1.003934521359e+04 
       2.243304884562e-01       9.899125736340e+03 
       2.258008982614e-01       9.759917643678e+03 
       2.272713084464e-01       9.622522188830e+03 
       2.287417190039e-01       9.489163995475e+03 
       2.302121299267e-01       9.361292127729e+03 
       2.316825412078e-01       9.240186804612e+03 
       2.331529528405e-01       9.126563813776e+03 
       2.346233648181e-01       9.020478213225e+03 
       2.360937771341e-01       8.921697626735e+03 
       2.375641897822e-01       8.829381903662e+03 
       2.390346027564e-01       8.742394878825e+03 
       2.405050160505e-01       8.659284963679e+03 
       2.419754296588e-01       8.578665113070e+03 
       2.434458435755e-01       8.498904137866e+03 
       2.449162577951e-01       8.418614093216e+03 
       2.463866723121e-01       8.336663935858e+03 
       2.478570871212e-01       8.252123927426e+03 
       2.493275022172e-01       8.164629255000e+03 
       2.507979175951e-01       8.074054303178e+03 
       2.522683332500e-01       7.980717617659e+03 
       2.537387491769e-01       7.885406931707e+03 
       2.552091653712e-01       7.788893432895e+03 
       2.566795818283e-01       7.692299274856e+03 
       2.581499985436e-01       7.596794233289e+03 
       2.596204155129e-01       7.503473394487e+03 
       2.610908327317e-01       7.412916508786e+03 
       2.625612501958e-01       7.326966430285e+03 
       2.640316679012e-01       7.245074273010e+03 
       2.655020858439e-01       7.167704229291e+03 
       2.669725040198e-01       7.094822493308e+03 
       2.684429224252e-01       7.026064186842e+03 
       2.699133410563e-01       6.960683472748e+03 
       2.713837599094e-01       6.898045070883e+03 
       2.728541789810e-01       6.837195340212e+03 
       2.743245982674e-01       6.777226007372e+03 
       2.757950177653e-01       6.717300592038e+03 
       2.772654374713e-01       6.656688872561e+03 
       2.787358573821e-01       6.594744272160e+03 
       2.802062774944e-01       6.531223373003e+03 
       2.816766978051e-01       6.466025427394e+03 
       2.831471183110e-01       6.399235809433e+03 
       2.846175390093e-01       6.331172131859e+03 
       2.860879598968e-01       6.262373085777e+03 
       2.875583809706e-01       6.193367283885e+03 
       2.890288022280e-01       6.124909232962e+03 
       2.904992236661e-01       6.057585289451e+03 
       2.919696452822e-01       5.992015434882e+03 
       2.934400670736e-01       5.928695092684e+03 
       2.949104890376e-01       5.868043249749e+03 
       2.963809111718e-01       5.810127556221e+03 
       2.978513334735e-01       5.754964631562e+03 
       2.993217559403e-01       5.702429875915e+03 
       3.007921785698e-01       5.652217234708e+03 
       3.022626013596e-01       5.603831084692e+03 
       3.037330243073e-01       5.556821195064e+03 
       3.052034474107e-01       5.510646206016e+03 
       3.066738706676e-01       5.464738916753e+03 
       3.081442940756e-01       5.418645914277e+03 
       3.096147176327e-01       5.371983434088e+03 
       3.110851413368e-01       5.324550626813e+03 
       3.125555651857e-01       5.276234218928e+03 
       3.140259891774e-01       5.226964098938e+03 
       3.154964133100e-01       5.176943462473e+03 
       3.169668375814e-01       5.126454220865e+03 
       3.184372619898e-01       5.075769739987e+03 
       3.199076865331e-01       5.025318507928e+03 
       3.213781112097e-01       4.975472823041e+03 
       3.228485360176e-01       4.926603119162e+03 
       3.243189609551e-01       4.879068120579e+03 
       3.257893860204e-01       4.832866422618e+03 
       3.272598112118e-01       4.788782768925e+03 
       3.287302365276e-01       4.746234557414e+03 
       3.302006619660e-01       4.705375620170e+03 
       3.316710875256e-01       4.666034518665e+03 
       3.331415132047e-01       4.628007555678e+03 
       3.346119390016e-01       4.591031130864e+03 
       3.360823649149e-01       4.554733065264e+03 
       3.375527909430e-01       4.518834585389e+03 
       3.390232170845e-01       4.483000063255e+03 
       3.404936433377e-01       4.447004159167e+03 
       3.419640697015e-01       4.410670225818e+03 
       3.434344961742e-01       4.373842359649e+03 
       3.449049227544e-01       4.336564409288e+03 
       3.463753494409e-01       4.298847056162e+03 
       3.478457762323e-01       4.260810271896e+03 
       3.493162031272e-01       4.222664351944e+03 
       3.507866301244e-01       4.184561505651e+03 
       3.522570572225e-01       4.146827460972e+03 
       3.537274844203e-01       4.109610403663e+03 
       3.551979117165e-01       4.073190256598e+03 
       3.566683391100e-01       4.037654079100e+03 
       3.581387665995e-01       4.003184426089e+03 
       3.596091941839e-01       3.969827821360e+03 
       3.610796218619e-01       3.937420416242e+03 
       3.625500496325e-01       3.906349130328e+03 
       3.640204774946e-01       3.876043582167e+03 
       3.654909054469e-01       3.846498730618e+03 
       3.669613334885e-01       3.817514988669e+03 
       3.684317616182e-01       3.788918145601e+03 
       3.699021898350e-01       3.760544152617e+03 
       3.713726181380e-01       3.732168308274e+03 
       3.728430465259e-01       3.703698367900e+03 
       3.743134749979e-01       3.675035035977e+03 
       3.757839035530e-01       3.646145521084e+03 
       3.772543321901e-01       3.617013231748e+03 
       3.787247609084e-01       3.587676609183e+03 
       3.801951897068e-01       3.558325501101e+03 
       3.816656185845e-01       3.528978764444e+03 
       3.831360475406e-01       3.499808610649e+03 
       3.846064765741e-01       3.470937319909e+03 
       3.860769056841e-01       3.442540778553e+03 
       3.875473348698e-01       3.414686052622e+03 
       3.890177641303e-01       3.387457642897e+03 
       3.904881934649e-01       3.360945280941e+03 
       3.919586228725e-01       3.335155518996e+03 
       3.934290523525e-01       3.310067307929e+03 
       3.948994819039e-01       3.285616207468e+03 
       3.963699115261e-01       3.261726518410e+03 
       3.978403412182e-01       3.238281011991e+03 
       3.993107709795e-01       3.215192471743e+03 
       4.007812008092e-01       3.192306850526e+03 
       4.022516307064e-01       3.169559195628e+03 
       4.037220606706e-01       3.146829942357e+03 
       4.051924907010e-01       3.124058076823e+03 
       4.066629207968e-01       3.101203159235e+03 
       4.081333509573e-01       3.078241680253e+03 
       4.096037811819e-01       3.055214615182e+03 
       4.110742114699e-01       3.032139513075e+03 
       4.125446418205e-01       3.009071279793e+03 
       4.140150722331e-01       2.986116241148e+03 
       4.154855027071e-01       2.963346213612e+03 
       4.169559332417e-01       2.940845931484e+03 
       4.184263638364e-01       2.918679219595e+03 
       4.198967944906e-01       2.896907602547e+03 
       4.213672252035e-01       2.875598290395e+03 
       4.228376559746e-01       2.854739800007e+03 
       4.243080868033e-01       2.834366130463e+03 
       4.257785176890e-01       2.814439948909e+03 
       4.272489486311e-01       2.794914257341e+03 
       4.287193796290e-01       2.775753721761e+03 
       4.301898106821e-01       2.756867356428e+03 
       4.316602417899e-01       2.738182146979e+03 
       5.105155552860e-01       1.924269809294e+03 
       6.331346410332e-01       1.209009369046e+03 
       7.964477621498e-01       7.265462818272e+02 
       1.002659799106e+00       4.303673370478e+02 
