# Matter power spectrum P(k) at redshift z=0
# for k=1.23488e-05 to 1.02215 h/Mpc,
# number of wavenumbers equal to 565
#    1:k (h/Mpc)              2:P (Mpc/h)^3        
       1.234876887436e-05       3.030649162871e+01 
       2.957779617396e-05       7.046797190667e+01 
       4.690731336938e-05       1.100153893735e+02 
       6.442085075917e-05       1.494656344862e+02 
       8.220427346872e-05       1.891420949669e+02 
       1.003471468398e-04       2.293107031470e+02 
       1.189441745407e-04       2.702176994903e+02 
       1.380967416264e-04       3.121061052174e+02 
       1.579145946096e-04       3.552253360520e+02 
       1.785176898348e-04       3.998380453621e+02 
       2.000382392405e-04       4.462260255785e+02 
       2.226229777180e-04       4.946955805140e+02 
       2.464356669095e-04       5.455828790562e+02 
       2.716598338444e-04       5.992593016941e+02 
       2.985017157170e-04       6.561368473496e+02 
       3.271933396599e-04       7.166734213456e+02 
       3.579956028102e-04       7.813774597675e+02 
       3.912011271052e-04       8.508120443427e+02 
       4.271365400054e-04       9.255966397413e+02 
       4.661636760733e-04       1.006406468473e+03 
       5.086790144573e-04       1.093967116061e+03 
       5.551104917340e-04       1.189043857175e+03 
       6.059107141971e-04       1.292422071471e+03 
       6.615456287035e-04       1.404879289925e+03 
       7.224780133431e-04       1.527146935684e+03 
       7.891458268782e-04       1.659862156399e+03 
       8.619365376720e-04       1.803515346193e+03 
       9.411598944211e-04       1.958396169881e+03 
       1.027022827488e-03       2.124548775793e+03 
       1.119610740188e-03       2.301743155179e+03 
       1.218878893227e-03       2.489470170803e+03 
       1.324655821698e-03       2.686962546633e+03 
       1.436658235838e-03       2.893239299039e+03 
       1.554514521352e-03       3.107166490213e+03 
       1.677792587018e-03       3.327524504140e+03 
       1.806027735912e-03       3.553071407272e+03 
       1.938747215565e-03       3.782595865246e+03 
       2.075489557870e-03       4.014956511526e+03 
       2.215818197762e-03       4.249105112555e+03 
       2.359329839827e-03       4.484101607033e+03 
       2.505658556261e-03       4.719117086124e+03 
       2.654476739557e-03       4.953431075303e+03 
       2.805493941694e-03       5.186426334302e+03 
       2.958454434926e-03       5.417577503547e+03 
       3.113134111648e-03       5.646441874676e+03 
       3.269337147049e-03       5.872648633229e+03 
       3.426892694854e-03       6.095896789345e+03 
       3.585651774423e-03       6.315935906102e+03 
       3.745484430501e-03       6.532563562943e+03 
       3.906277196955e-03       6.745617165536e+03 
       4.067930865240e-03       6.954968216566e+03 
       4.230358540933e-03       7.160517289616e+03 
       4.393483962949e-03       7.362190360046e+03 
       4.557240056664e-03       7.559934226235e+03 
       4.721567692013e-03       7.753712941206e+03 
       4.886414619253e-03       7.943506350085e+03 
       5.051734557547e-03       8.129307194699e+03 
       5.217486414347e-03       8.311119525219e+03 
       5.383633616342e-03       8.488955837323e+03 
       5.550143535403e-03       8.662836692993e+03 
       5.716986995321e-03       8.832830343835e+03 
       5.884137847253e-03       8.998891102255e+03 
       6.051572603636e-03       9.161080712045e+03 
       6.219270121863e-03       9.319472426921e+03 
       6.387211330413e-03       9.473907763563e+03 
       6.555378991202e-03       9.624713420008e+03 
       6.723757492930e-03       9.771832463581e+03 
       6.892332670968e-03       9.915313569065e+03 
       7.061091650047e-03       1.005528155212e+04 
       7.230022706543e-03       1.019173776449e+04 
       7.399115147662e-03       1.032467885703e+04 
       7.568359205222e-03       1.045446070887e+04 
       7.737745942067e-03       1.058077315068e+04 
       7.907267169438e-03       1.070366354449e+04 
       8.076915373878e-03       1.082331063908e+04 
       8.246683652420e-03       1.093974396333e+04 
       8.416565655036e-03       1.105303411333e+04 
       8.586555533405e-03       1.116321819429e+04 
       8.756647895248e-03       1.127027382908e+04 
       8.926837763531e-03       1.137435407169e+04 
       9.097120539962e-03       1.147551542811e+04 
       9.267491972273e-03       1.157377731237e+04 
       9.437948124844e-03       1.166924081428e+04 
       9.608485352283e-03       1.176208282405e+04 
       9.779100275627e-03       1.185195368163e+04 
       9.949789760879e-03       1.193912486708e+04 
       1.012055089961e-02       1.202363641236e+04 
       1.029138099140e-02       1.210553431785e+04 
       1.046227752798e-02       1.218486597914e+04 
       1.063323817872e-02       1.226167651993e+04 
       1.080426077763e-02       1.233601382678e+04 
       1.097534331136e-02       1.240789673511e+04 
       1.114648390837e-02       1.247716205393e+04 
       1.131768082903e-02       1.254457478182e+04 
       1.148893245658e-02       1.260941715530e+04 
       1.166023728889e-02       1.267196506529e+04 
       1.183159393085e-02       1.273209709581e+04 
       1.200300108753e-02       1.279044629276e+04 
       1.217445755777e-02       1.284645368156e+04 
       1.234596222839e-02       1.290032739172e+04 
       1.251751406886e-02       1.295188767063e+04 
       1.268911212636e-02       1.300186585393e+04 
       1.286075552128e-02       1.304963549835e+04 
       1.303244344307e-02       1.309513729316e+04 
       1.320417514638e-02       1.313921337080e+04 
       1.337594994759e-02       1.318110010112e+04 
       1.354776722148e-02       1.322111632563e+04 
       1.371962639830e-02       1.325906546759e+04 
       1.389152696093e-02       1.329538478328e+04 
       1.406346844240e-02       1.333030896252e+04 
       1.423545042344e-02       1.336311203271e+04 
       1.440747253036e-02       1.339423155803e+04 
       1.457953443301e-02       1.342366131241e+04 
       1.475163584291e-02       1.345142379759e+04 
       1.492377651153e-02       1.347752387045e+04 
       1.509595622869e-02       1.350207060736e+04 
       1.526817482109e-02       1.352498560845e+04 
       1.544043215096e-02       1.354641756158e+04 
       1.561272811479e-02       1.356626312960e+04 
       1.578506264219e-02       1.358420565385e+04 
       1.595743569477e-02       1.360129314382e+04 
       1.612984726523e-02       1.361696841457e+04 
       1.630229737638e-02       1.363098853643e+04 
       1.647478608037e-02       1.364359769338e+04 
       1.664731345787e-02       1.365483444507e+04 
       1.681987961738e-02       1.366478268102e+04 
       1.699248469464e-02       1.367290674941e+04 
       1.716512885196e-02       1.368055723957e+04 
       1.733781227776e-02       1.368657530918e+04 
       1.751053518604e-02       1.369128986648e+04 
       1.768329781596e-02       1.369429735968e+04 
       1.785610043146e-02       1.369655524619e+04 
       1.802894332091e-02       1.369801459565e+04 
       1.820182679676e-02       1.369760618891e+04 
       1.837475119534e-02       1.369662073200e+04 
       1.854771687655e-02       1.369393651108e+04 
       1.872072422370e-02       1.369068224487e+04 
       1.889377364335e-02       1.368613720979e+04 
       1.906686556512e-02       1.368041189745e+04 
       1.924000044164e-02       1.367323737978e+04 
       1.941317874844e-02       1.366589224118e+04 
       1.958640098390e-02       1.365702681621e+04 
       1.975966766920e-02       1.364729960181e+04 
       1.993297934839e-02       1.363606299331e+04 
       2.010633658832e-02       1.362431139142e+04 
       2.027973997875e-02       1.361206265169e+04 
       2.045319013242e-02       1.359801603702e+04 
       2.062668768509e-02       1.358390679168e+04 
       2.080023329572e-02       1.356812575375e+04 
       2.097382764655e-02       1.355180837686e+04 
       2.114747144328e-02       1.353492777258e+04 
       2.132116541526e-02       1.351685612869e+04 
       2.149491031566e-02       1.349770385725e+04 
       2.166870692168e-02       1.347839537833e+04 
       2.184255603484e-02       1.345759422767e+04 
       2.201645848115e-02       1.343669681145e+04 
       2.219041511145e-02       1.341433944980e+04 
       2.236442680168e-02       1.339167573918e+04 
       2.253849445319e-02       1.336814648546e+04 
       2.271261899304e-02       1.334397519776e+04 
       2.288680137439e-02       1.331903156702e+04 
       2.306104257687e-02       1.329376981632e+04 
       2.323534360690e-02       1.326711805471e+04 
       2.340970549817e-02       1.324016208239e+04 
       2.358412931200e-02       1.321256474723e+04 
       2.375861613781e-02       1.318462878615e+04 
       2.393316709358e-02       1.315570489821e+04 
       2.410778332630e-02       1.312621116954e+04 
       2.428246601249e-02       1.309609002429e+04 
       2.445721635871e-02       1.306548105820e+04 
       2.463203560209e-02       1.303397477718e+04 
       2.480692501089e-02       1.300242702230e+04 
       2.498188588505e-02       1.296992211920e+04 
       2.515691955682e-02       1.293699279325e+04 
       2.533202739135e-02       1.290361842215e+04 
       2.550721078732e-02       1.286969374608e+04 
       2.568247117764e-02       1.283547287896e+04 
       2.585781003007e-02       1.280047073903e+04 
       2.603322884795e-02       1.276510457431e+04 
       2.620872917093e-02       1.272924441564e+04 
       2.638431257569e-02       1.269306538380e+04 
       2.655998067674e-02       1.265624960247e+04 
       2.673573512720e-02       1.261916317888e+04 
       2.691157761962e-02       1.258169623472e+04 
       2.708750988680e-02       1.254374718833e+04 
       2.726353370270e-02       1.250528116973e+04 
       2.743965088332e-02       1.246655025861e+04 
       2.761586328762e-02       1.242759775041e+04 
       2.779217281846e-02       1.238796735578e+04 
       2.796858142360e-02       1.234827524226e+04 
       2.814509109670e-02       1.230796856490e+04 
       2.832170387839e-02       1.226747825935e+04 
       2.849842185726e-02       1.222661101438e+04 
       2.867524717108e-02       1.218547154927e+04 
       2.885218200782e-02       1.214403904131e+04 
       2.902922860691e-02       1.210226405777e+04 
       2.920638926041e-02       1.206024700439e+04 
       2.938366631424e-02       1.201793778264e+04 
       2.956106216948e-02       1.197534915149e+04 
       2.973857928368e-02       1.193251440083e+04 
       2.991622017222e-02       1.188943624287e+04 
       3.009398740972e-02       1.184609327665e+04 
       3.027188363145e-02       1.180254222087e+04 
       3.044991153485e-02       1.175877467670e+04 
       3.062807388103e-02       1.171476028887e+04 
       3.080637349637e-02       1.167053584994e+04 
       3.098481327415e-02       1.162611470185e+04 
       3.116339617618e-02       1.158154059383e+04 
       3.134212523458e-02       1.153677880530e+04 
       3.152100355354e-02       1.149188865418e+04 
       3.170003431114e-02       1.144667183046e+04 
       3.187922076127e-02       1.140139601839e+04 
       3.205856623556e-02       1.135596686426e+04 
       3.223807414541e-02       1.131041345219e+04 
       3.241774798406e-02       1.126473793241e+04 
       3.259759132871e-02       1.121887302932e+04 
       3.277760784278e-02       1.117285295676e+04 
       3.295780127816e-02       1.112674216767e+04 
       3.313817547758e-02       1.108057854788e+04 
       3.331873437702e-02       1.103428183511e+04 
       3.349948200826e-02       1.098787498984e+04 
       3.368042250143e-02       1.094138128969e+04 
       3.386156008773e-02       1.089481079481e+04 
       3.404289910217e-02       1.084817104110e+04 
       3.422444398647e-02       1.080144722488e+04 
       3.440619929197e-02       1.075467087461e+04 
       3.458816968270e-02       1.070784450239e+04 
       3.477035993858e-02       1.066096609587e+04 
       3.495277495865e-02       1.061400880745e+04 
       3.513541976444e-02       1.056704794030e+04 
       3.531829950352e-02       1.052000524874e+04 
       3.550141945309e-02       1.047300647195e+04 
       3.568478502371e-02       1.042591376453e+04 
       3.586840176324e-02       1.037885015939e+04 
       3.605227536078e-02       1.033177287933e+04 
       3.623641165090e-02       1.028469069590e+04 
       3.642081661793e-02       1.023752755823e+04 
       3.660549640040e-02       1.019041857860e+04 
       3.679045729574e-02       1.014331176241e+04 
       3.697570576500e-02       1.009620383303e+04 
       3.716124843792e-02       1.004917978127e+04 
       3.734709211803e-02       1.000207733059e+04 
       3.753324378804e-02       9.955060907741e+03 
       3.771971061542e-02       9.908119560212e+03 
       3.790649995814e-02       9.861111875114e+03 
       3.809361937073e-02       9.814165657952e+03 
       3.828107661046e-02       9.767295909645e+03 
       3.846887964384e-02       9.720431190270e+03 
       3.865703665339e-02       9.673663936477e+03 
       3.884555604457e-02       9.626866732003e+03 
       3.903444645312e-02       9.580220056459e+03 
       3.922371675265e-02       9.533575871379e+03 
       3.941337606245e-02       9.487031155459e+03 
       3.960343375578e-02       9.440545936536e+03 
       3.979389946839e-02       9.394119136803e+03 
       3.998478310741e-02       9.347745966443e+03 
       4.017609486066e-02       9.301504914708e+03 
       4.036784520631e-02       9.255355385987e+03 
       4.056004492297e-02       9.209211407181e+03 
       4.075270510024e-02       9.163204043199e+03 
       4.094583714966e-02       9.117332775659e+03 
       4.113945281619e-02       9.071428942673e+03 
       4.133356419023e-02       9.025691460076e+03 
       4.152818372005e-02       8.980072013022e+03 
       4.172332422494e-02       8.934542258550e+03 
       4.191899890886e-02       8.889095458772e+03 
       4.211522137472e-02       8.843718746508e+03 
       4.231200563939e-02       8.798532252309e+03 
       4.250936614934e-02       8.753396706841e+03 
       4.270731779704e-02       8.708427974697e+03 
       4.290587593820e-02       8.663477862403e+03 
       4.310505640973e-02       8.618750373195e+03 
       4.330487554868e-02       8.574112343285e+03 
       4.350535021206e-02       8.529540423035e+03 
       4.370649779763e-02       8.485147113655e+03 
       4.390833626580e-02       8.440834783046e+03 
       4.411088416254e-02       8.396673527746e+03 
       4.431416064355e-02       8.352580288530e+03 
       4.451818549963e-02       8.308678874308e+03 
       4.472297918341e-02       8.264862730512e+03 
       4.492856283742e-02       8.221202990427e+03 
       4.513495832377e-02       8.177636379225e+03 
       4.534218825532e-02       8.134280725342e+03 
       4.555027602858e-02       8.090984308745e+03 
       4.575924585849e-02       8.047900076179e+03 
       4.596912281503e-02       8.004842535457e+03 
       4.617993286195e-02       7.961978443774e+03 
       4.639170289770e-02       7.919248773367e+03 
       4.660446079870e-02       7.876658768365e+03 
       4.681823546513e-02       7.834150960648e+03 
       4.703305686945e-02       7.791834224298e+03 
       4.724895610774e-02       7.749661525512e+03 
       4.746596545419e-02       7.707623268341e+03 
       4.768411841892e-02       7.665675043794e+03 
       4.790344980929e-02       7.623882351839e+03 
       4.812399579516e-02       7.582249944063e+03 
       4.834579397815e-02       7.540719397671e+03 
       4.856888346541e-02       7.499355455866e+03 
       4.879330494818e-02       7.458142515921e+03 
       4.901910078545e-02       7.417026444265e+03 
       4.924631509321e-02       7.376038521787e+03 
       4.947499383973e-02       7.335219420409e+03 
       4.970518494730e-02       7.294521111489e+03 
       4.993693840107e-02       7.253938197156e+03 
       5.017030636543e-02       7.213539048860e+03 
       5.040534330872e-02       7.173229383790e+03 
       5.064210613693e-02       7.133032606695e+03 
       5.088065433708e-02       7.092990876302e+03 
       5.112105013136e-02       7.053072650631e+03 
       5.136335864268e-02       7.013321921184e+03 
       5.160764807302e-02       6.973640662225e+03 
       5.185398989541e-02       6.934062434717e+03 
       5.210245906111e-02       6.894698686324e+03 
       5.235313422322e-02       6.855353574087e+03 
       5.260609797844e-02       6.816168053049e+03 
       5.286143712867e-02       6.777100512710e+03 
       5.311924296449e-02       6.738151206860e+03 
       5.337961157263e-02       6.699277075401e+03 
       5.364264417002e-02       6.660561707671e+03 
       5.390844746706e-02       6.621928396025e+03 
       5.417713406332e-02       6.583391505431e+03 
       5.444882287906e-02       6.544942364503e+03 
       5.472363962659e-02       6.506617623239e+03 
       5.500171732583e-02       6.468392360248e+03 
       5.528319686911e-02       6.430189657503e+03 
       5.556822764094e-02       6.392120099683e+03 
       5.585696819910e-02       6.354099853122e+03 
       5.614958702455e-02       6.316185763307e+03 
       5.644626334837e-02       6.278337823814e+03 
       5.674718806545e-02       6.240547514132e+03 
       5.705256474583e-02       6.202830810600e+03 
       5.736261075633e-02       6.165128647953e+03 
       5.767755850701e-02       6.127515204647e+03 
       5.799765683923e-02       6.089974071270e+03 
       5.832317257472e-02       6.052382604861e+03 
       5.865439224826e-02       6.014867000170e+03 
       5.899162405016e-02       5.977421379508e+03 
       5.933520000931e-02       5.939913661890e+03 
       5.968547845272e-02       5.902393455362e+03 
       6.004284678376e-02       5.864911672379e+03 
       6.040772462892e-02       5.827397230211e+03 
       6.078056741213e-02       5.789832630121e+03 
       6.116187042654e-02       5.752247556880e+03 
       6.155217348721e-02       5.714648094830e+03 
       6.195206626453e-02       5.676895600896e+03 
       6.236219441813e-02       5.639165742362e+03 
       6.278326667586e-02       5.601315009248e+03 
       6.321606303260e-02       5.563253470335e+03 
       6.366144428160e-02       5.525103135642e+03 
       6.412036313774e-02       5.486826396049e+03 
       6.459387727101e-02       5.448258371346e+03 
       6.508316464199e-02       5.409438195129e+03 
       6.558954162373e-02       5.370532665985e+03 
       6.611448451215e-02       5.331137303319e+03 
       6.665965517540e-02       5.291587928112e+03 
       6.722693178224e-02       5.251588180905e+03 
       6.781844579054e-02       5.210889510372e+03 
       6.843662668476e-02       5.169885906293e+03 
       6.908425634217e-02       5.128559800277e+03 
       6.976453540437e-02       5.086337526644e+03 
       7.048116465311e-02       5.043280340617e+03 
       7.123844515972e-02       4.999332401686e+03 
       7.204140190161e-02       4.954268159135e+03 
       7.289593659117e-02       4.907873035282e+03 
       7.380901653683e-02       4.860035376778e+03 
       7.478890717815e-02       4.810327127163e+03 
       7.584545589133e-02       4.758199588189e+03 
       7.699043246039e-02       4.703566674868e+03 
       7.823792471206e-02       4.645359394231e+03 
       7.960477146252e-02       4.582935764216e+03 
       8.111098082735e-02       4.515054299293e+03 
       8.278001726022e-02       4.440208169289e+03 
       8.463873010737e-02       4.356653537846e+03 
       8.671653522844e-02       4.261752368882e+03 
       8.904329426642e-02       4.152693209618e+03 
       9.164533379393e-02       4.026244603526e+03 
       9.453955869719e-02       3.879716062967e+03 
       9.772696041798e-02       3.711402626324e+03 
       1.011885369390e-01       3.522292881002e+03 
       1.048868683413e-01       3.316581379550e+03 
       1.087737179448e-01       3.101509610527e+03 
       1.127999735534e-01       2.885991021473e+03 
       1.169232226641e-01       2.678988381294e+03 
       1.211109231678e-01       2.488034894043e+03 
       1.253400874332e-01       2.318195430297e+03 
       1.295953564034e-01       2.172409022954e+03 
       1.338668335477e-01       2.050586178316e+03 
       1.381482873550e-01       1.951073790829e+03 
       1.424358500798e-01       1.870739100407e+03 
       1.467271422770e-01       1.805540115075e+03 
       1.510207079751e-01       1.751085455775e+03 
       1.553156591395e-01       1.702936558713e+03 
       1.596114551421e-01       1.657074246718e+03 
       1.639077671751e-01       1.610251622594e+03 
       1.682043953317e-01       1.560113831223e+03 
       1.725012180587e-01       1.505513578276e+03 
       1.767981614022e-01       1.446312130684e+03 
       1.810951803167e-01       1.383330010363e+03 
       1.853922473145e-01       1.317945318842e+03 
       1.896893455740e-01       1.252160987599e+03 
       1.939864647569e-01       1.187918220031e+03 
       1.982835984689e-01       1.127005549859e+03 
       2.025807427178e-01       1.070804861712e+03 
       2.068778949783e-01       1.020306158952e+03 
       2.111750536222e-01       9.758988387193e+02 
       2.154722175736e-01       9.375565842686e+02 
       2.197693860979e-01       9.048099927522e+02 
       2.240665586737e-01       8.768884746377e+02 
       2.283637349145e-01       8.528082409652e+02 
       2.326609145207e-01       8.314929533607e+02 
       2.369580972499e-01       8.118729086006e+02 
       2.412552828988e-01       7.929746060828e+02 
       2.455524712913e-01       7.739855022914e+02 
       2.498496622719e-01       7.543649554781e+02 
       2.541468557001e-01       7.337724728333e+02 
       2.584440514481e-01       7.121633856106e+02 
       2.627412493983e-01       6.897057700645e+02 
       2.670384494417e-01       6.666617925417e+02 
       2.713356514770e-01       6.434810689038e+02 
       2.756328554097e-01       6.206238782808e+02 
       2.799300611513e-01       5.985646569427e+02 
       2.842272686189e-01       5.776908170837e+02 
       2.885244777347e-01       5.582680391435e+02 
       2.928216884255e-01       5.404405091273e+02 
       2.971189006224e-01       5.241841071070e+02 
       3.014161142605e-01       5.093974400968e+02 
       3.057133292786e-01       4.959367539339e+02 
       3.100105456189e-01       4.835982400278e+02 
       3.143077632268e-01       4.721760874223e+02 
       3.186049820507e-01       4.614547962034e+02 
       3.229022020416e-01       4.512316488183e+02 
       3.271994231533e-01       4.412935560382e+02 
       3.314966453420e-01       4.314696884535e+02 
       3.357938685659e-01       4.216298695231e+02 
       3.400910927857e-01       4.116860299553e+02 
       3.443883179638e-01       4.016349951750e+02 
       3.486855440646e-01       3.915320846340e+02 
       3.529827710541e-01       3.814613550611e+02 
       3.572799989002e-01       3.715295392937e+02 
       3.615772275720e-01       3.618313344350e+02 
       3.658744570404e-01       3.524527092995e+02 
       3.701716872774e-01       3.434544400375e+02 
       3.744689182564e-01       3.348751878916e+02 
       3.787661499520e-01       3.267445458169e+02 
       3.830633823399e-01       3.190709857384e+02 
       3.873606153971e-01       3.118471887803e+02 
       3.916578491013e-01       3.050433221431e+02 
       3.959550834313e-01       2.986065259742e+02 
       4.002523183670e-01       2.924672698912e+02 
       4.045495538888e-01       2.865601597768e+02 
       4.088467899783e-01       2.808217705756e+02 
       4.131440266175e-01       2.751947601048e+02 
       4.174412637896e-01       2.696689110437e+02 
       4.217385014780e-01       2.642084921566e+02 
       4.260357396670e-01       2.588262737874e+02 
       4.303329783417e-01       2.535193642713e+02 
       4.346302174875e-01       2.482901343775e+02 
       4.389274570905e-01       2.431462989896e+02 
       4.432246971374e-01       2.380890102020e+02 
       4.475219376153e-01       2.331454402484e+02 
       4.518191785118e-01       2.283325178009e+02 
       4.561164198151e-01       2.236704108450e+02 
       4.604136615137e-01       2.191785967313e+02 
       4.647109035967e-01       2.148593626779e+02 
       4.690081460533e-01       2.107106462524e+02 
       4.733053888734e-01       2.067171853499e+02 
       4.776026320471e-01       2.028629333487e+02 
       4.818998755649e-01       1.991324079379e+02 
       4.861971194177e-01       1.955114358519e+02 
       4.904943635966e-01       1.919915947537e+02 
       4.947916080930e-01       1.885646152853e+02 
       4.990888528988e-01       1.852183119747e+02 
       5.033860980060e-01       1.819452620288e+02 
       5.076833434068e-01       1.787326087777e+02 
       5.119805890940e-01       1.755740807476e+02 
       5.162778350602e-01       1.724681588446e+02 
       5.205750812985e-01       1.694208611337e+02 
       5.248723278023e-01       1.664345522840e+02 
       5.291695745651e-01       1.635199206891e+02 
       5.334668215805e-01       1.606795341701e+02 
       5.377640688425e-01       1.579135878547e+02 
       5.420613163452e-01       1.552215951804e+02 
       5.463585640829e-01       1.525916220883e+02 
       5.506558120500e-01       1.500286477200e+02 
       5.549530602413e-01       1.475276182285e+02 
       5.592503086515e-01       1.450894076937e+02 
       5.635475572756e-01       1.427153508425e+02 
       5.678448061087e-01       1.404046040959e+02 
       5.721420551461e-01       1.381513254656e+02 
       5.764393043833e-01       1.359515575611e+02 
       5.807365538157e-01       1.337988516374e+02 
       5.850338034391e-01       1.316894910593e+02 
       5.893310532492e-01       1.296238886724e+02 
       5.936283032420e-01       1.276000626816e+02 
       5.979255534135e-01       1.256204473203e+02 
       6.022228037599e-01       1.236834481726e+02 
       6.065200542775e-01       1.217898623830e+02 
       6.108173049627e-01       1.199345383778e+02 
       6.151145558118e-01       1.181141561283e+02 
       6.194118068215e-01       1.163268819743e+02 
       6.237090579885e-01       1.145736808067e+02 
       6.280063093095e-01       1.128549228235e+02 
       6.323035607814e-01       1.111744323153e+02 
       6.366008124011e-01       1.095311008576e+02 
       6.408980641656e-01       1.079274039914e+02 
       6.451953160720e-01       1.063584446315e+02 
       6.494925681175e-01       1.048209166995e+02 
       6.537898202993e-01       1.033144395764e+02 
       6.580870726148e-01       1.018371505839e+02 
       6.623843250613e-01       1.003895237454e+02 
       6.666815776364e-01       9.897275879814e+01 
       6.709788303374e-01       9.758610275022e+01 
       6.752760831621e-01       9.622837654362e+01 
       6.795733361081e-01       9.489686603414e+01 
       6.838705891730e-01       9.358891892878e+01 
       6.881678423547e-01       9.230288238483e+01 
       6.924650956509e-01       9.103855449067e+01 
       6.967623490595e-01       8.979684807325e+01 
       7.010596025785e-01       8.857886847265e+01 
       7.053568562059e-01       8.738609958144e+01 
       7.096541099395e-01       8.621744125747e+01 
       7.139513637777e-01       8.507172671889e+01 
       7.182486177183e-01       8.394655900298e+01 
       7.225458717597e-01       8.284060550575e+01 
       7.268431259000e-01       8.175351946977e+01 
       7.311403801375e-01       8.068591980139e+01 
       7.354376344704e-01       7.963834285373e+01 
       7.397348888972e-01       7.861159724245e+01 
       7.440321434161e-01       7.760479804516e+01 
       7.483293980256e-01       7.661668962486e+01 
       7.526266527241e-01       7.564585429971e+01 
       7.569239075101e-01       7.469056029274e+01 
       7.612211623821e-01       7.375043443239e+01 
       7.655184173387e-01       7.282617725396e+01 
       7.698156723785e-01       7.191831947713e+01 
       7.741129274999e-01       7.102745926532e+01 
       7.784101827018e-01       7.015339270255e+01 
       7.827074379828e-01       6.929471583610e+01 
       7.870046933415e-01       6.845018749013e+01 
       7.913019487767e-01       6.761865950439e+01 
       7.955992042871e-01       6.679972619798e+01 
       7.998964598716e-01       6.599377598025e+01 
       8.041937155290e-01       6.520177666710e+01 
       8.084909712580e-01       6.442403164283e+01 
       8.127882270576e-01       6.366042486413e+01 
       8.170854829266e-01       6.291014180907e+01 
       8.213827388639e-01       6.217193770013e+01 
       8.256799948685e-01       6.144481698668e+01 
       8.299772509394e-01       6.072835561777e+01 
       8.342745070754e-01       6.002302295411e+01 
       8.385717632756e-01       5.932929864588e+01 
       8.428690195390e-01       5.864752757955e+01 
       8.471662758646e-01       5.797782042262e+01 
       8.514635322516e-01       5.731919819872e+01 
       8.557607886989e-01       5.667076980946e+01 
       8.600580452057e-01       5.603170035221e+01 
       8.643553017710e-01       5.540159313835e+01 
       8.686525583941e-01       5.478075086723e+01 
       8.729498150740e-01       5.416969275832e+01 
       8.772470718099e-01       5.356882205228e+01 
       8.815443286009e-01       5.297814617409e+01 
       8.858415854464e-01       5.239705666759e+01 
       8.901388423455e-01       5.182471244202e+01 
       9.486299740531e-01       4.481904617594e+01 
       1.022151869609e+00       3.776039138083e+01 
