# Matter power spectrum P(k) at redshift z=0
# for k=1.04206e-05 to 1.08693 h/Mpc,
# number of wavenumbers equal to 603
#    1:k (h/Mpc)              2:P (Mpc/h)^3        
       1.042057218184e-05       4.833536761419e+01 
       2.327011508745e-05       1.050320777828e+02 
       3.616461595868e-05       1.608044200370e+02 
       4.913859914576e-05       2.162244228181e+02 
       6.222715718549e-05       2.716215521015e+02 
       7.546626219327e-05       3.272451117775e+02 
       8.889308716447e-05       3.833098360105e+02 
       1.025463414394e-04       4.400146138479e+02 
       1.164666246188e-04       4.975521190589e+02 
       1.306968032503e-04       5.561146750969e+02 
       1.452824146126e-04       6.158983768492e+02 
       1.602721018695e-04       6.771062776758e+02 
       1.757180846903e-04       7.399511890034e+02 
       1.916766690801e-04       8.046581613990e+02 
       2.082087995217e-04       8.714670015643e+02 
       2.253806554906e-04       9.406346159320e+02 
       2.432642927844e-04       1.012437550697e+03 
       2.619383277146e-04       1.087174357111e+03 
       2.814886587572e-04       1.165168090694e+03 
       3.020092154455e-04       1.246768793192e+03 
       3.236027177344e-04       1.332355766546e+03 
       3.463814203818e-04       1.422339750030e+03 
       3.704678057020e-04       1.517164551105e+03 
       3.959951740998e-04       1.617308376044e+03 
       4.231080650863e-04       1.723283874346e+03 
       4.519624225113e-04       1.835637379531e+03 
       4.827253977801e-04       1.954946359879e+03 
       5.155746662985e-04       2.081814803332e+03 
       5.506971192199e-04       2.216865805453e+03 
       5.882867903944e-04       2.360731852822e+03 
       6.285418944041e-04       2.514040817835e+03 
       6.716608934742e-04       2.677399059896e+03 
       7.178375853542e-04       2.851370684521e+03 
       7.672553131101e-04       3.036454512757e+03 
       8.200805352960e-04       3.233059077118e+03 
       8.764561442547e-04       3.441477516706e+03 
       9.364950528925e-04       3.661865785401e+03 
       1.000274650389e-03       3.894223631716e+03 
       1.067832721425e-03       4.138383757543e+03 
       1.139165313078e-03       4.394009406737e+03 
       1.214226825979e-03       4.660600203779e+03 
       1.292932337674e-03       4.937508077102e+03 
       1.375161892716e-03       5.223941185319e+03 
       1.460766274341e-03       5.519026090236e+03 
       1.549573648675e-03       5.821845859387e+03 
       1.641396457597e-03       6.131427599871e+03 
       1.736038015388e-03       6.446788489693e+03 
       1.833298403116e-03       6.766960901650e+03 
       1.932979414483e-03       7.091009498956e+03 
       2.034888455306e-03       7.418047357333e+03 
       2.138841416068e-03       7.747244083443e+03 
       2.244664615965e-03       8.077833097665e+03 
       2.352195959788e-03       8.409113243414e+03 
       2.461285463264e-03       8.740449828680e+03 
       2.571795297108e-03       9.071271461386e+03 
       2.683599483209e-03       9.401067382393e+03 
       2.796583354430e-03       9.729383652826e+03 
       2.910642866714e-03       1.005581846894e+04 
       3.025683831198e-03       1.038001900875e+04 
       3.141621115935e-03       1.070167422444e+04 
       3.258377852118e-03       1.102051397359e+04 
       3.375884668166e-03       1.133630134039e+04 
       3.494078966325e-03       1.164883245825e+04 
       3.612904250014e-03       1.195793005068e+04 
       3.732309505628e-03       1.226344354578e+04 
       3.852248639374e-03       1.256524218907e+04 
       3.972679967648e-03       1.286321818553e+04 
       4.093565758189e-03       1.315727798898e+04 
       4.214871818511e-03       1.344734729531e+04 
       4.336567127767e-03       1.373336178811e+04 
       4.458623508117e-03       1.401527394596e+04 
       4.581015331769e-03       1.429304334084e+04 
       4.703719260029e-03       1.456663797628e+04 
       4.826714010977e-03       1.483598899845e+04 
       4.949980152640e-03       1.510118925201e+04 
       5.073499918834e-03       1.536214886683e+04 
       5.197257045129e-03       1.561888906434e+04 
       5.321236622639e-03       1.587144925946e+04 
       5.445424967626e-03       1.611984258216e+04 
       5.569809505084e-03       1.636402085161e+04 
       5.694378664727e-03       1.660328506754e+04 
       5.819121787949e-03       1.683912179690e+04 
       5.944029044513e-03       1.707081788734e+04 
       6.069091357874e-03       1.729834941700e+04 
       6.194300338150e-03       1.752187390035e+04 
       6.319648221896e-03       1.774149033948e+04 
       6.445127817916e-03       1.795726198943e+04 
       6.570732458462e-03       1.816852925564e+04 
       6.696455955216e-03       1.837592425603e+04 
       6.822292559542e-03       1.857933896633e+04 
       6.948236926554e-03       1.877894590547e+04 
       7.074284082593e-03       1.897468935546e+04 
       7.200429395747e-03       1.916655969183e+04 
       7.326668549107e-03       1.935464204037e+04 
       7.452997516471e-03       1.953881594533e+04 
       7.579412540247e-03       1.971945461965e+04 
       7.705910111333e-03       1.989689632836e+04 
       7.832486950781e-03       2.007016121737e+04 
       7.959139993058e-03       2.023978948430e+04 
       8.085866370765e-03       2.040584029739e+04 
       8.212663400649e-03       2.056839588283e+04 
       8.339528570811e-03       2.072743072367e+04 
       8.466459528979e-03       2.088298656610e+04 
       8.593454071746e-03       2.103511685355e+04 
       8.720510134703e-03       2.118386202014e+04 
       8.847625783355e-03       2.132923953591e+04 
       8.974799204779e-03       2.147126202031e+04 
       9.102028699936e-03       2.161003030285e+04 
       9.229312676593e-03       2.174555213231e+04 
       9.356649642789e-03       2.187785395644e+04 
       9.484038200813e-03       2.200699560829e+04 
       9.611477041637e-03       2.213241668676e+04 
       9.738964939770e-03       2.225587573245e+04 
       9.866500748505e-03       2.237567001772e+04 
       9.994083395511e-03       2.249250545834e+04 
       1.012171187876e-02       2.260620471721e+04 
       1.024938526273e-02       2.271698877516e+04 
       1.037710267494e-02       2.282490973517e+04 
       1.050486330265e-02       2.292985441283e+04 
       1.063266638990e-02       2.303186629779e+04 
       1.076051123464e-02       2.313117421443e+04 
       1.088839718621e-02       2.322754359493e+04 
       1.101632364283e-02       2.332119193924e+04 
       1.114429004944e-02       2.341209655295e+04 
       1.127229589556e-02       2.350030636371e+04 
       1.140034071334e-02       2.358582032497e+04 
       1.152842407578e-02       2.366868636181e+04 
       1.165654559504e-02       2.374892735521e+04 
       1.178470492087e-02       2.382660886279e+04 
       1.191290173915e-02       2.390171270882e+04 
       1.204113577056e-02       2.397436594785e+04 
       1.216940676929e-02       2.404432599385e+04 
       1.229771452189e-02       2.411194625273e+04 
       1.242605884617e-02       2.417710123874e+04 
       1.255443959020e-02       2.423986809088e+04 
       1.268285663138e-02       2.430023953650e+04 
       1.281130987554e-02       2.435830819668e+04 
       1.293979925617e-02       2.441407064995e+04 
       1.306832473364e-02       2.446739614538e+04 
       1.319688629456e-02       2.451851937861e+04 
       1.332548395107e-02       2.456739481887e+04 
       1.345411774032e-02       2.461402708272e+04 
       1.358278772389e-02       2.465863582432e+04 
       1.371149398733e-02       2.470092200404e+04 
       1.384023663966e-02       2.474109624593e+04 
       1.396901581299e-02       2.477908289676e+04 
       1.409783166216e-02       2.481508609500e+04 
       1.422668436436e-02       2.484903684762e+04 
       1.435557411883e-02       2.488089507328e+04 
       1.448450114662e-02       2.491076716454e+04 
       1.461346569033e-02       2.493867249861e+04 
       1.474246801390e-02       2.496468632811e+04 
       1.487150840239e-02       2.498867264902e+04 
       1.500058716191e-02       2.501074770174e+04 
       1.512970461941e-02       2.503096776247e+04 
       1.525886112259e-02       2.504935065768e+04 
       1.538805703986e-02       2.506587073964e+04 
       1.551729276023e-02       2.508056845990e+04 
       1.564656869331e-02       2.509349397344e+04 
       1.577588526929e-02       2.510462167917e+04 
       1.590524293894e-02       2.511336325385e+04 
       1.603464217363e-02       2.512180098844e+04 
       1.616408346541e-02       2.512787604288e+04 
       1.629356732704e-02       2.513215407861e+04 
       1.642309429211e-02       2.513480472734e+04 
       1.655266491510e-02       2.513583784049e+04 
       1.668227977157e-02       2.513533424843e+04 
       1.681193945825e-02       2.513317570134e+04 
       1.694164459321e-02       2.512957204621e+04 
       1.707139581603e-02       2.512429622489e+04 
       1.720119378804e-02       2.511752793469e+04 
       1.733103919246e-02       2.510925889861e+04 
       1.746093273467e-02       2.509956505568e+04 
       1.759087514246e-02       2.508839668323e+04 
       1.772086716627e-02       2.507575758133e+04 
       1.785090957947e-02       2.506179861565e+04 
       1.798100317868e-02       2.504554277037e+04 
       1.811114878404e-02       2.502962286320e+04 
       1.824134723957e-02       2.501066881033e+04 
       1.837159941349e-02       2.499119912224e+04 
       1.850190619862e-02       2.497042939699e+04 
       1.863226851271e-02       2.494914961053e+04 
       1.876268729886e-02       2.492580971483e+04 
       1.889316352593e-02       2.490061901860e+04 
       1.902369818897e-02       2.487531141036e+04 
       1.915429230967e-02       2.484826177210e+04 
       1.928494693680e-02       2.481895709705e+04 
       1.941566314673e-02       2.478954855345e+04 
       1.954644204391e-02       2.476018778346e+04 
       1.967728476138e-02       2.472841565756e+04 
       1.980819246133e-02       2.469551291782e+04 
       1.993916633564e-02       2.466114868880e+04 
       2.007020760647e-02       2.462604864925e+04 
       2.020131752685e-02       2.458956184464e+04 
       2.033249738130e-02       2.455356941222e+04 
       2.046374848645e-02       2.451490747137e+04 
       2.059507219173e-02       2.447535850756e+04 
       2.072646988003e-02       2.443509536366e+04 
       2.085794296842e-02       2.439418761575e+04 
       2.098949290886e-02       2.435284581352e+04 
       2.112112118895e-02       2.430907684568e+04 
       2.125282933271e-02       2.426491253178e+04 
       2.138461890138e-02       2.422012397145e+04 
       2.151649149426e-02       2.417437034331e+04 
       2.164844874950e-02       2.412776290834e+04 
       2.178049234507e-02       2.408046120901e+04 
       2.191262399956e-02       2.403211350881e+04 
       2.204484547321e-02       2.398294561781e+04 
       2.217715856879e-02       2.393288386864e+04 
       2.230956513265e-02       2.388228564956e+04 
       2.244206705573e-02       2.383071453789e+04 
       2.257466627458e-02       2.377834762569e+04 
       2.270736477248e-02       2.372541798349e+04 
       2.284016458058e-02       2.367213876188e+04 
       2.297306777901e-02       2.361720648772e+04 
       2.310607649809e-02       2.356274864105e+04 
       2.323919291960e-02       2.350615328178e+04 
       2.337241927799e-02       2.344967164270e+04 
       2.350575786172e-02       2.339231866177e+04 
       2.363921101462e-02       2.333469303452e+04 
       2.377278113726e-02       2.327618961631e+04 
       2.390647068840e-02       2.321692424458e+04 
       2.404028218650e-02       2.315723896780e+04 
       2.417421821120e-02       2.309704188591e+04 
       2.430828140494e-02       2.303684561848e+04 
       2.444247447457e-02       2.297492961284e+04 
       2.457680019307e-02       2.291281900229e+04 
       2.471126140126e-02       2.285035987654e+04 
       2.484586100958e-02       2.278742362882e+04 
       2.498060200002e-02       2.272400035814e+04 
       2.511548742794e-02       2.265973050413e+04 
       2.525052042414e-02       2.259557505776e+04 
       2.538570419684e-02       2.253067011053e+04 
       2.552104203386e-02       2.246504216480e+04 
       2.565653730474e-02       2.239924024666e+04 
       2.579219346308e-02       2.233296779569e+04 
       2.592801404878e-02       2.226608430148e+04 
       2.606400269058e-02       2.219884101094e+04 
       2.620016310846e-02       2.213194489552e+04 
       2.633649911629e-02       2.206342558353e+04 
       2.647301462448e-02       2.199512284344e+04 
       2.660971364281e-02       2.192691471414e+04 
       2.674660028321e-02       2.185749311938e+04 
       2.688367876285e-02       2.178853962534e+04 
       2.702095340711e-02       2.171846986369e+04 
       2.715842865289e-02       2.164859773457e+04 
       2.729610905181e-02       2.157845409672e+04 
       2.743399927375e-02       2.150763446557e+04 
       2.757210411031e-02       2.143667220936e+04 
       2.771042847859e-02       2.136548079408e+04 
       2.784897742495e-02       2.129422742465e+04 
       2.798775612903e-02       2.122238138592e+04 
       2.812676990785e-02       2.115045243835e+04 
       2.826602422013e-02       2.107816134815e+04 
       2.840552467068e-02       2.100570867968e+04 
       2.854527701509e-02       2.093313201970e+04 
       2.868528716447e-02       2.086022323684e+04 
       2.882556119048e-02       2.078710220598e+04 
       2.896610533052e-02       2.071414028082e+04 
       2.910692599310e-02       2.064039524872e+04 
       2.924802976350e-02       2.056672670501e+04 
       2.938942340958e-02       2.049327544913e+04 
       2.953111388787e-02       2.041897419098e+04 
       2.967310834992e-02       2.034516859448e+04 
       2.981541414891e-02       2.027050138471e+04 
       2.995803884651e-02       2.019610873890e+04 
       3.010099022003e-02       2.012148575250e+04 
       3.024427626997e-02       2.004690483757e+04 
       3.038790522774e-02       1.997247118290e+04 
       3.053188556387e-02       1.989710489431e+04 
       3.067622599646e-02       1.982217483258e+04 
       3.082093550007e-02       1.974704644423e+04 
       3.096602331501e-02       1.967185808624e+04 
       3.111149895700e-02       1.959657716403e+04 
       3.125737222734e-02       1.952115960579e+04 
       3.140365322345e-02       1.944577610439e+04 
       3.155035235004e-02       1.937031506181e+04 
       3.169748033064e-02       1.929465984485e+04 
       3.184504821980e-02       1.921905576748e+04 
       3.199306741580e-02       1.914368131329e+04 
       3.214154967404e-02       1.906764330260e+04 
       3.229050712099e-02       1.899195677741e+04 
       3.243995226890e-02       1.891608842558e+04 
       3.258989803122e-02       1.884047469525e+04 
       3.274035773877e-02       1.876453129084e+04 
       3.289134515675e-02       1.868857567535e+04 
       3.304287450261e-02       1.861287647374e+04 
       3.319496046485e-02       1.853701078759e+04 
       3.334761822279e-02       1.846104096292e+04 
       3.350086346738e-02       1.838514243708e+04 
       3.365471242313e-02       1.830899084818e+04 
       3.380918187123e-02       1.823307211136e+04 
       3.396428917389e-02       1.815736846490e+04 
       3.412005230003e-02       1.808152554245e+04 
       3.427648985243e-02       1.800544305188e+04 
       3.443362109639e-02       1.792954731456e+04 
       3.459146598996e-02       1.785398573036e+04 
       3.475004521601e-02       1.777790109969e+04 
       3.490938021608e-02       1.770208515407e+04 
       3.506949322626e-02       1.762648363215e+04 
       3.523040731520e-02       1.755075074011e+04 
       3.539214642436e-02       1.747495421857e+04 
       3.555473541081e-02       1.739927635119e+04 
       3.571820009254e-02       1.732361073252e+04 
       3.588256729672e-02       1.724792232740e+04 
       3.604786491088e-02       1.717243047774e+04 
       3.621412193751e-02       1.709691200636e+04 
       3.638136855201e-02       1.702141590460e+04 
       3.654963616461e-02       1.694585393604e+04 
       3.671895748628e-02       1.687070785908e+04 
       3.688936659915e-02       1.679516661801e+04 
       3.706089903165e-02       1.671969682271e+04 
       3.723359183889e-02       1.664442036870e+04 
       3.740748368866e-02       1.656908069477e+04 
       3.758261495351e-02       1.649381165764e+04 
       3.775902780942e-02       1.641870956664e+04 
       3.793676634173e-02       1.634364741326e+04 
       3.811587665885e-02       1.626826018334e+04 
       3.829640701451e-02       1.619320169134e+04 
       3.847840793930e-02       1.611811717236e+04 
       3.866193238237e-02       1.604303867382e+04 
       3.884703586423e-02       1.596782767151e+04 
       3.903377664171e-02       1.589298619953e+04 
       3.922221588623e-02       1.581788315529e+04 
       3.941241787670e-02       1.574293300706e+04 
       3.960445020845e-02       1.566782912254e+04 
       3.979838401992e-02       1.559283399715e+04 
       3.999429423876e-02       1.551812058218e+04 
       4.019225984954e-02       1.544295219546e+04 
       4.039236418518e-02       1.536790725304e+04 
       4.059469524476e-02       1.529304274186e+04 
       4.079934604060e-02       1.521766524743e+04 
       4.100641497774e-02       1.514260397169e+04 
       4.121600626970e-02       1.506778804195e+04 
       4.142823039439e-02       1.499247810544e+04 
       4.164320459524e-02       1.491721833237e+04 
       4.186105343260e-02       1.484204132089e+04 
       4.208190939184e-02       1.476677749212e+04 
       4.230591355482e-02       1.469110800830e+04 
       4.253321634316e-02       1.461567975855e+04 
       4.276397834212e-02       1.454018647617e+04 
       4.299837121602e-02       1.446429921359e+04 
       4.323657872730e-02       1.438865823951e+04 
       4.347879787338e-02       1.431243544758e+04 
       4.372524015787e-02       1.423627419246e+04 
       4.397613301525e-02       1.415996807741e+04 
       4.423172141131e-02       1.408367217380e+04 
       4.449226964572e-02       1.400663678299e+04 
       4.475806338721e-02       1.392998297191e+04 
       4.502941197797e-02       1.385244497477e+04 
       4.530665104990e-02       1.377497214443e+04 
       4.559014550365e-02       1.369737666028e+04 
       4.588029291118e-02       1.361921989842e+04 
       4.617752741421e-02       1.354069497953e+04 
       4.648232420563e-02       1.346197876863e+04 
       4.679520469853e-02       1.338266470347e+04 
       4.711674250985e-02       1.330287015731e+04 
       4.744757041247e-02       1.322234456134e+04 
       4.778838844381e-02       1.314158790827e+04 
       4.813997340110e-02       1.306054065901e+04 
       4.850319000665e-02       1.297829671127e+04 
       4.887900409332e-02       1.289519641732e+04 
       4.926849824482e-02       1.281147449141e+04 
       4.967289043277e-02       1.272673873999e+04 
       5.009355632833e-02       1.264156063558e+04 
       5.053205614025e-02       1.255502592682e+04 
       5.099016705216e-02       1.246714963952e+04 
       5.146992261366e-02       1.237821140845e+04 
       5.197366079744e-02       1.228795297979e+04 
       5.250408288407e-02       1.219574397825e+04 
       5.306432589356e-02       1.210171236664e+04 
       5.365805195543e-02       1.200550945489e+04 
       5.428955878218e-02       1.190651647283e+04 
       5.496391621883e-02       1.180468386158e+04 
       5.568713450227e-02       1.169942982645e+04 
       5.646636997036e-02       1.159030876293e+04 
       5.731017264650e-02       1.147588179373e+04 
       5.822877567197e-02       1.135579528444e+04 
       5.923441572120e-02       1.122840579124e+04 
       6.034165058289e-02       1.109130047055e+04 
       6.156759594938e-02       1.094235048041e+04 
       6.293192667370e-02       1.077823986588e+04 
       6.445637240245e-02       1.059394663007e+04 
       6.616330863600e-02       1.038482568032e+04 
       6.807301096331e-02       1.014288553338e+04 
       7.019944553298e-02       9.861156974440e+03 
       7.254537969397e-02       9.533485681365e+03 
       7.509889979827e-02       9.156705254481e+03 
       7.783386658329e-02       8.733975060887e+03 
       8.071502941217e-02       8.274473296983e+03 
       8.370542317896e-02       7.794280798403e+03 
       8.677244082634e-02       7.311731766111e+03 
       8.989068201364e-02       6.845828397476e+03 
       9.304201581667e-02       6.412026238014e+03 
       9.621424375045e-02       6.022213776922e+03 
       9.939947031043e-02       5.682885522468e+03 
       1.025927096190e-01       5.395897090569e+03 
       1.057908613400e-01       5.158899282862e+03 
       1.089920158175e-01       4.966258469320e+03 
       1.121950035412e-01       4.809842200475e+03 
       1.153991107110e-01       4.680501279111e+03 
       1.186039024921e-01       4.567923551103e+03 
       1.218091142279e-01       4.462778526732e+03 
       1.250145848637e-01       4.356829037261e+03 
       1.282202163439e-01       4.243186415588e+03 
       1.314259488994e-01       4.118099359352e+03 
       1.346317460260e-01       3.979929284953e+03 
       1.378375853585e-01       3.829615646913e+03 
       1.410434531299e-01       3.669801181872e+03 
       1.442493408059e-01       3.504918164154e+03 
       1.474552430424e-01       3.339839547027e+03 
       1.506611564438e-01       3.179803788727e+03 
       1.538670788089e-01       3.029131089599e+03 
       1.570730086724e-01       2.891262329934e+03 
       1.602789450253e-01       2.768510966408e+03 
       1.634848871444e-01       2.661762936634e+03 
       1.666908344883e-01       2.570780377121e+03 
       1.698967866336e-01       2.494249508360e+03 
       1.731027432348e-01       2.430095749230e+03 
       1.763087040004e-01       2.375367149276e+03 
       1.795146686772e-01       2.327317820267e+03 
       1.827206370404e-01       2.282976736618e+03 
       1.859266088873e-01       2.239973501839e+03 
       1.891325840328e-01       2.195207302366e+03 
       1.923385623068e-01       2.147313187784e+03 
       1.955445435519e-01       2.094969386122e+03 
       1.987505276216e-01       2.038108262878e+03 
       2.019565143796e-01       1.977307903704e+03 
       2.051625036983e-01       1.913682071419e+03 
       2.083684954583e-01       1.848921446199e+03 
       2.115744895477e-01       1.784556416661e+03 
       2.147804858611e-01       1.722197687274e+03 
       2.179864842997e-01       1.662968901988e+03 
       2.211924847704e-01       1.607919456789e+03 
       2.243984871854e-01       1.557767919063e+03 
       2.276044914619e-01       1.512577444453e+03 
       2.308104975220e-01       1.472569277446e+03 
       2.340165052916e-01       1.437197272533e+03 
       2.372225147012e-01       1.405991592467e+03 
       2.404285256846e-01       1.378138056667e+03 
       2.436345381793e-01       1.352497741343e+03 
       2.468405521260e-01       1.328267638812e+03 
       2.500465674685e-01       1.304530993286e+03 
       2.532525841535e-01       1.280506116604e+03 
       2.564586021303e-01       1.255705962937e+03 
       2.596646213508e-01       1.229867491885e+03 
       2.628706417692e-01       1.202834740665e+03 
       2.660766633420e-01       1.174835397559e+03 
       2.692826860276e-01       1.145934990164e+03 
       2.724887097865e-01       1.116720777792e+03 
       2.756947345811e-01       1.087547088094e+03 
       2.789007603755e-01       1.058892658948e+03 
       2.821067871354e-01       1.031334034216e+03 
       2.853128148281e-01       1.005215279240e+03 
       2.885188434222e-01       9.807258164902e+02 
       2.917248728880e-01       9.581138979030e+02 
       2.949309031968e-01       9.372866547453e+02 
       2.981369343213e-01       9.181355386183e+02 
       3.013429662353e-01       9.004698770009e+02 
       3.045489989138e-01       8.840261498348e+02 
       3.077550323327e-01       8.685262810444e+02 
       3.109610664690e-01       8.537035731019e+02 
       3.141671013007e-01       8.392078425933e+02 
       3.173731368065e-01       8.248965033427e+02 
       3.205791729662e-01       8.105686280173e+02 
       3.237852097602e-01       7.960147211120e+02 
       3.269912471698e-01       7.812154703488e+02 
       3.301972851769e-01       7.661626588072e+02 
       3.334033237643e-01       7.509945489774e+02 
       3.366093629152e-01       7.358052924910e+02 
       3.398154026137e-01       7.207768117324e+02 
       3.430214428443e-01       7.059412393279e+02 
       3.462274835922e-01       6.915252824863e+02 
       3.494335248431e-01       6.776104679688e+02 
       3.526395665832e-01       6.642706745558e+02 
       3.558456087991e-01       6.515586832213e+02 
       3.590516514782e-01       6.394984281909e+02 
       3.622576946081e-01       6.280882222953e+02 
       3.654637381768e-01       6.172800165245e+02 
       3.686697821728e-01       6.070325574437e+02 
       3.718758265851e-01       5.971775742768e+02 
       3.750818714028e-01       5.876817931256e+02 
       3.782879166158e-01       5.783719726247e+02 
       3.814939622139e-01       5.692432660854e+02 
       3.847000081876e-01       5.602141128616e+02 
       3.879060545273e-01       5.512476715059e+02 
       3.911121012242e-01       5.423222022266e+02 
       3.943181482695e-01       5.334559198618e+02 
       3.975241956546e-01       5.245914310111e+02 
       4.007302433715e-01       5.157852349568e+02 
       4.039362914121e-01       5.070772119739e+02 
       4.071423397688e-01       4.984994901097e+02 
       4.103483884342e-01       4.900947777734e+02 
       4.135544374010e-01       4.819195782707e+02 
       4.167604866624e-01       4.739438420135e+02 
       4.199665362114e-01       4.662518018059e+02 
       4.231725860415e-01       4.588038346305e+02 
       4.263786361465e-01       4.516031427202e+02 
       4.295846865200e-01       4.446417656054e+02 
       4.327907371561e-01       4.379068769923e+02 
       4.359967880490e-01       4.313933800356e+02 
       4.392028391931e-01       4.250657712757e+02 
       4.424088905828e-01       4.189008513101e+02 
       4.456149422129e-01       4.128585210229e+02 
       4.488209940782e-01       4.069643806712e+02 
       4.520270461736e-01       4.011205140884e+02 
       4.552330984943e-01       3.953653899722e+02 
       4.584391510356e-01       3.896731149470e+02 
       4.616452037927e-01       3.840421099328e+02 
       4.648512567613e-01       3.784834974957e+02 
       4.680573099370e-01       3.729947868558e+02 
       4.712633633155e-01       3.675854116329e+02 
       4.744694168927e-01       3.622584775916e+02 
       4.776754706647e-01       3.570409601427e+02 
       4.808815246274e-01       3.519058207342e+02 
       4.840875787771e-01       3.468863520277e+02 
       4.872936331101e-01       3.419862777828e+02 
       4.904996876228e-01       3.372191326844e+02 
       4.937057423116e-01       3.325811189728e+02 
       4.969117971732e-01       3.280692143011e+02 
       5.001178522042e-01       3.236662692943e+02 
       5.033239074014e-01       3.193640868070e+02 
       5.065299627616e-01       3.151506122307e+02 
       5.097360182817e-01       3.110077322945e+02 
       5.129420739587e-01       3.069550605345e+02 
       5.161481297897e-01       3.029725916416e+02 
       5.193541857718e-01       2.990669951387e+02 
       5.225602419022e-01       2.952065821015e+02 
       5.257662981782e-01       2.913924004479e+02 
       5.289723545972e-01       2.876296451378e+02 
       5.321784111565e-01       2.839164574839e+02 
       5.353844678537e-01       2.802600268227e+02 
       5.385905246862e-01       2.766589469664e+02 
       5.417965816517e-01       2.731212434820e+02 
       5.450026387477e-01       2.696501877339e+02 
       5.482086959721e-01       2.662457718426e+02 
       5.514147533225e-01       2.629056862958e+02 
       5.546208107968e-01       2.596277353800e+02 
       5.578268683928e-01       2.564114669713e+02 
       5.610329261084e-01       2.532582665751e+02 
       5.642389839416e-01       2.501667387919e+02 
       5.674450418904e-01       2.471371361065e+02 
       5.706510999528e-01       2.441660435376e+02 
       5.738571581270e-01       2.412483237659e+02 
       5.770632164110e-01       2.383805746234e+02 
       5.802692748030e-01       2.355579192266e+02 
       5.834753333013e-01       2.327779381342e+02 
       5.866813919040e-01       2.300401560238e+02 
       5.898874506096e-01       2.273367696455e+02 
       5.930935094163e-01       2.246839024534e+02 
       5.962995683224e-01       2.220719581109e+02 
       5.995056273264e-01       2.194989368785e+02 
       6.027116864268e-01       2.169705657816e+02 
       6.059177456219e-01       2.144701632106e+02 
       6.091238049103e-01       2.120061305876e+02 
       6.123298642905e-01       2.095805916993e+02 
       6.155359237611e-01       2.071954726676e+02 
       6.187419833206e-01       2.048533547864e+02 
       6.219480429677e-01       2.025504770192e+02 
       6.251541027011e-01       2.002863886394e+02 
       6.283601625194e-01       1.980593284365e+02 
       6.315662224213e-01       1.958670260091e+02 
       6.347722824055e-01       1.937071494039e+02 
       6.379783424708e-01       1.915834975666e+02 
       6.411844026160e-01       1.894944344234e+02 
       6.443904628399e-01       1.874394843470e+02 
       6.475965231414e-01       1.854168388653e+02 
       6.508025835191e-01       1.834241920295e+02 
       6.540086439721e-01       1.814593590559e+02 
       6.572147044993e-01       1.795209570246e+02 
       6.604207650995e-01       1.776088278557e+02 
       6.636268257717e-01       1.757236913223e+02 
       6.668328865148e-01       1.738664692719e+02 
       6.700389473279e-01       1.720374251417e+02 
       6.732450082099e-01       1.702364997364e+02 
       6.764510691599e-01       1.684609079251e+02 
       6.796571301768e-01       1.667100906748e+02 
       6.828631912598e-01       1.649831776441e+02 
       6.860692524079e-01       1.632805010100e+02 
       6.892753136201e-01       1.616027586209e+02 
       6.924813748957e-01       1.599507349457e+02 
       6.956874362337e-01       1.583243453567e+02 
       6.988934976333e-01       1.567226220725e+02 
       7.020995590936e-01       1.551441997359e+02 
       7.053056206138e-01       1.535874185107e+02 
       7.085116821931e-01       1.520512440592e+02 
       7.117177438306e-01       1.505357749591e+02 
       7.149238055256e-01       1.490412688555e+02 
       7.181298672774e-01       1.475682742753e+02 
       7.213359290851e-01       1.461165472642e+02 
       7.245419909480e-01       1.446853333350e+02 
       7.277480528654e-01       1.432731472785e+02 
       7.309541148366e-01       1.418788560378e+02 
       7.341601768608e-01       1.405021690940e+02 
       7.373662389374e-01       1.391427605904e+02 
       7.405723010657e-01       1.378022779236e+02 
       7.437783632450e-01       1.364800753189e+02 
       7.469844254747e-01       1.351767019881e+02 
       7.501904877540e-01       1.338915069288e+02 
       7.533965500825e-01       1.326232924975e+02 
       8.235211183277e-01       1.086079668440e+02 
       9.251639135202e-01       8.340214291163e+01 
       1.086928171172e+00       5.757646566406e+01 
