# Matter power spectrum P(k) at redshift z=0
# for k=1.04206e-05 to 1.08702 h/Mpc,
# number of wavenumbers equal to 603
#    1:k (h/Mpc)              2:P (Mpc/h)^3        
       1.042057218184e-05       4.833536750621e+01 
       2.327094530053e-05       1.050357021615e+02 
       3.616628329848e-05       1.608115792280e+02 
       4.914111723411e-05       2.162351211898e+02 
       6.223054651996e-05       2.716358343065e+02 
       7.547055041579e-05       3.272630616174e+02 
       8.889830943528e-05       3.833315744491e+02 
       1.025525409225e-04       4.400402901294e+02 
       1.164738530868e-04       4.975819120420e+02 
       1.307051218192e-04       5.561488300179e+02 
       1.452918946176e-04       6.159371401158e+02 
       1.602828258959e-04       6.771500029890e+02 
       1.757301477754e-04       7.400001699994e+02 
       1.916901801020e-04       8.047128379426e+02 
       2.082238827932e-04       8.715278337129e+02 
       2.253974525751e-04       9.407021537816e+02 
       2.432829645507e-04       1.012512386266e+03 
       2.619590566425e-04       1.087257174999e+03 
       2.815116515017e-04       1.165259640263e+03 
       3.020347056549e-04       1.246869939199e+03 
       3.236309691059e-04       1.332467508133e+03 
       3.464127299118e-04       1.422463177303e+03 
       3.705025070625e-04       1.517300893870e+03 
       3.960336410271e-04       1.617458952743e+03 
       4.231507146198e-04       1.723450193859e+03 
       4.520097178525e-04       1.835821102478e+03 
       4.827778504708e-04       1.955149282834e+03 
       5.156328373373e-04       2.082038830778e+03 
       5.507616186625e-04       2.217113120916e+03 
       5.883582749335e-04       2.361004645293e+03 
       6.286210624151e-04       2.514341419920e+03 
       6.717484770758e-04       2.677729784958e+03 
       7.179343391949e-04       2.851733898992e+03 
       7.673619998629e-04       3.036852516611e+03 
       8.201979082274e-04       3.233494160379e+03 
       8.765849276898e-04       3.441951554676e+03 
       9.366359218480e-04       3.662380479345e+03 
       1.000428210996e-03       3.894780268173e+03 
       1.067999493894e-03       4.138983297854e+03 
       1.139345718818e-03       4.394652165886e+03 
       1.214421180028e-03       4.661286247367e+03 
       1.293140846979e-03       4.938236900669e+03 
       1.375384660036e-03       5.224712760190e+03 
       1.461003306949e-03       5.519838267685e+03 
       1.549824870558e-03       5.822697132919e+03 
       1.641661723709e-03       6.132315971653e+03 
       1.736317126551e-03       6.447711923864e+03 
       1.833591120425e-03       6.767917143058e+03 
       1.933285472391e-03       7.091996439987e+03 
       2.035207572895e-03       7.419062773020e+03 
       2.139173306314e-03       7.748285628717e+03 
       2.245008993026e-03       8.078898886759e+03 
       2.352552544470e-03       8.410201310952e+03 
       2.461653986922e-03       8.741557746793e+03 
       2.572175504236e-03       9.072398001787e+03 
       2.683991133003e-03       9.402209849839e+03 
       2.796986221543e-03       9.730540745030e+03 
       2.911056741430e-03       1.005698866689e+04 
       3.026108519174e-03       1.038120058478e+04 
       3.142056437656e-03       1.070286607184e+04 
       3.258823642159e-03       1.102171466643e+04 
       3.376340774354e-03       1.133750955644e+04 
       3.494545248837e-03       1.165004714104e+04 
       3.613380580470e-03       1.195914994524e+04 
       3.732795766195e-03       1.226466747440e+04 
       3.852744721907e-03       1.256646960213e+04 
       3.973185772876e-03       1.286444780928e+04 
       4.094081194952e-03       1.315850890759e+04 
       4.215396803053e-03       1.344857892772e+04 
       4.337101583085e-03       1.373459555509e+04 
       4.459167363362e-03       1.401650475281e+04 
       4.581568521701e-03       1.429427253100e+04 
       4.704281724520e-03       1.456786453920e+04 
       4.827285694558e-03       1.483721325742e+04 
       4.950561004092e-03       1.510240952652e+04 
       5.074089890817e-03       1.536336068641e+04 
       5.197856093844e-03       1.562010028867e+04 
       5.321844707526e-03       1.587265625026e+04 
       5.446042051083e-03       1.612104461337e+04 
       5.570435552222e-03       1.636521716123e+04 
       5.695013643142e-03       1.660447394733e+04 
       5.819765667515e-03       1.684030453707e+04 
       5.944681797202e-03       1.707199362175e+04 
       6.069752957582e-03       1.729951577983e+04 
       6.194970760546e-03       1.752303429463e+04 
       6.320327444281e-03       1.774264380888e+04 
       6.445815819099e-03       1.795840437949e+04 
       6.571429218647e-03       1.816966072430e+04 
       6.697161455890e-03       1.837704759548e+04 
       6.823006783387e-03       1.858045626354e+04 
       6.948959857357e-03       1.878005221573e+04 
       7.075015705165e-03       1.897578597794e+04 
       7.201169695851e-03       1.916764174712e+04 
       7.327417513394e-03       1.935571460515e+04 
       7.453755132416e-03       1.953987828744e+04 
       7.580178796093e-03       1.972050179258e+04 
       7.706684996042e-03       1.989793543328e+04 
       7.833270453985e-03       2.007118407100e+04 
       7.959932105017e-03       2.024080728111e+04 
       8.086667082325e-03       2.040684415011e+04 
       8.213472703208e-03       2.056938810277e+04 
       8.340346456284e-03       2.072841028418e+04 
       8.467285989765e-03       2.088395683761e+04 
       8.594289100704e-03       2.103607366794e+04 
       8.721353725118e-03       2.118480424640e+04 
       8.848477928921e-03       2.133016940150e+04 
       8.975659899572e-03       2.147218142717e+04 
       9.102897938394e-03       2.161093742294e+04 
       9.230190453495e-03       2.174644464472e+04 
       9.357535953239e-03       2.187871733816e+04 
       9.484933040223e-03       2.200786106753e+04 
       9.612380405710e-03       2.213383551601e+04 
       9.739876824487e-03       2.225671347503e+04 
       9.867421150111e-03       2.237649321077e+04 
       9.995012310500e-03       2.249325911112e+04 
       1.012264930386e-02       2.260699374510e+04 
       1.025033119492e-02       2.271777333374e+04 
       1.037805711140e-02       2.282568492057e+04 
       1.050582624078e-02       2.293060230628e+04 
       1.063363782728e-02       2.303260748435e+04 
       1.076149116906e-02       2.313189998556e+04 
       1.088938561564e-02       2.322823653599e+04 
       1.101732056543e-02       2.332186451337e+04 
       1.114529546353e-02       2.341278670001e+04 
       1.127330979961e-02       2.350097980484e+04 
       1.140136310601e-02       2.358647535378e+04 
       1.152945495587e-02       2.366932335247e+04 
       1.165758496150e-02       2.374956261686e+04 
       1.178575277280e-02       2.382722859443e+04 
       1.191395807579e-02       2.390231027322e+04 
       1.204220059128e-02       2.397494847351e+04 
       1.217048007359e-02       2.404487650625e+04 
       1.229879630940e-02       2.411249921778e+04 
       1.242714911667e-02       2.417764089980e+04 
       1.255553834357e-02       2.424039568784e+04 
       1.268396386762e-02       2.430075463084e+04 
       1.281242559478e-02       2.435879405815e+04 
       1.294092345866e-02       2.441448801830e+04 
       1.306945741974e-02       2.446784817506e+04 
       1.319802746472e-02       2.451897700731e+04 
       1.332663360588e-02       2.456783367166e+04 
       1.345527588047e-02       2.461448423111e+04 
       1.358395435018e-02       2.465904234194e+04 
       1.371266910065e-02       2.470127851958e+04 
       1.384142024103e-02       2.474148089340e+04 
       1.397020790352e-02       2.477946145377e+04 
       1.409903224307e-02       2.481542954147e+04 
       1.422789343695e-02       2.484936997477e+04 
       1.435679168453e-02       2.488121789420e+04 
       1.448572720696e-02       2.491111205072e+04 
       1.461470024692e-02       2.493897694592e+04 
       1.474371106846e-02       2.496495708379e+04 
       1.487275995676e-02       2.498894307759e+04 
       1.500184721801e-02       2.501100312056e+04 
       1.513097317926e-02       2.503120023029e+04 
       1.526013818832e-02       2.504955199408e+04 
       1.538934261368e-02       2.506608288642e+04 
       1.551858684449e-02       2.508007495554e+04 
       1.564787129043e-02       2.509368799595e+04 
       1.577719638180e-02       2.510478568632e+04 
       1.590656256948e-02       2.511431888788e+04 
       1.603597032493e-02       2.512195566778e+04 
       1.616542014031e-02       2.512793931948e+04 
       1.629491252848e-02       2.513227026644e+04 
       1.642444802314e-02       2.513496332124e+04 
       1.655402717889e-02       2.513592688254e+04 
       1.668365057138e-02       2.513549392574e+04 
       1.681331879744e-02       2.513335183564e+04 
       1.694303247526e-02       2.512955437632e+04 
       1.707279224455e-02       2.512432592814e+04 
       1.720259876672e-02       2.511756434466e+04 
       1.733245272511e-02       2.510930065699e+04 
       1.746235482524e-02       2.509957372467e+04 
       1.759230579499e-02       2.508839618354e+04 
       1.772230638492e-02       2.507577985186e+04 
       1.785235736854e-02       2.506171490395e+04 
       1.798245954256e-02       2.504581681066e+04 
       1.811261372727e-02       2.502874674999e+04 
       1.824282076680e-02       2.501058602932e+04 
       1.837308152951e-02       2.499110319859e+04 
       1.850339690834e-02       2.497103273666e+04 
       1.863376782116e-02       2.494905175467e+04 
       1.876419521122e-02       2.492561105524e+04 
       1.889468004751e-02       2.490108572875e+04 
       1.902522332522e-02       2.487517792316e+04 
       1.915582606618e-02       2.484752815804e+04 
       1.928648931930e-02       2.481879160458e+04 
       1.941721416109e-02       2.478939500587e+04 
       1.954800169616e-02       2.475885002835e+04 
       1.967885305769e-02       2.472822495565e+04 
       1.980976940803e-02       2.469536566005e+04 
       1.994075193922e-02       2.466070778288e+04 
       2.007180187358e-02       2.462577235797e+04 
       2.020292046429e-02       2.458934740651e+04 
       2.033410899604e-02       2.455333421039e+04 
       2.046536878563e-02       2.451469413007e+04 
       2.059670118267e-02       2.447535834626e+04 
       2.072810757023e-02       2.443482376729e+04 
       2.085958936555e-02       2.439391684055e+04 
       2.099114802076e-02       2.435253687867e+04 
       2.112278502367e-02       2.430865710870e+04 
       2.125450189849e-02       2.426462456546e+04 
       2.138630020665e-02       2.421981421662e+04 
       2.151818154764e-02       2.417407056580e+04 
       2.165014755983e-02       2.412760767018e+04 
       2.178219992138e-02       2.408011179269e+04 
       2.191434035112e-02       2.403250865395e+04 
       2.204657060948e-02       2.398258780029e+04 
       2.217889249947e-02       2.393256423845e+04 
       2.231130786766e-02       2.388189063101e+04 
       2.244381860522e-02       2.383029317441e+04 
       2.257642664893e-02       2.377879783926e+04 
       2.270913398235e-02       2.372498350998e+04 
       2.284194263683e-02       2.367181129886e+04 
       2.297485469279e-02       2.361676461243e+04 
       2.310787228080e-02       2.356228265632e+04 
       2.324099758290e-02       2.350573249366e+04 
       2.337423283381e-02       2.344923248427e+04 
       2.350758032228e-02       2.339187375749e+04 
       2.364104239242e-02       2.333423648854e+04 
       2.377462144510e-02       2.327560049024e+04 
       2.390831993938e-02       2.321647282783e+04 
       2.404214039400e-02       2.315678608429e+04 
       2.417608538894e-02       2.309656803187e+04 
       2.431015756696e-02       2.303582292724e+04 
       2.444435963524e-02       2.297504210966e+04 
       2.457869436709e-02       2.291233100078e+04 
       2.471316460367e-02       2.284992557497e+04 
       2.484777325579e-02       2.278690219735e+04 
       2.498252330579e-02       2.272362420530e+04 
       2.511741780942e-02       2.265933349782e+04 
       2.525245989784e-02       2.259508372383e+04 
       2.538765277968e-02       2.252993347166e+04 
       2.552299974315e-02       2.246460956379e+04 
       2.565850415822e-02       2.239845606013e+04 
       2.579416947888e-02       2.233214369559e+04 
       2.592999924550e-02       2.226568270060e+04 
       2.606599708723e-02       2.219829269557e+04 
       2.620216672453e-02       2.213140063750e+04 
       2.633851197174e-02       2.206290634282e+04 
       2.647503673974e-02       2.199458010766e+04 
       2.661174503880e-02       2.192635654181e+04 
       2.674864098138e-02       2.185693371706e+04 
       2.688572878514e-02       2.178796176022e+04 
       2.702301277603e-02       2.171789585197e+04 
       2.716049739146e-02       2.164828198083e+04 
       2.729818718365e-02       2.157790438331e+04 
       2.743608682303e-02       2.150696438844e+04 
       2.757420110182e-02       2.143606027235e+04 
       2.771253493772e-02       2.136493242137e+04 
       2.785109337773e-02       2.129355795371e+04 
       2.798988160213e-02       2.122180875059e+04 
       2.812890492861e-02       2.114987442500e+04 
       2.826816881658e-02       2.107754235764e+04 
       2.840767887155e-02       2.100508167905e+04 
       2.854744084983e-02       2.093249796299e+04 
       2.868746066328e-02       2.085956067652e+04 
       2.882774438434e-02       2.078647574152e+04 
       2.896829825120e-02       2.071357893887e+04 
       2.910912867318e-02       2.063977096388e+04 
       2.925024223640e-02       2.056612139595e+04 
       2.939164570958e-02       2.049257457951e+04 
       2.953334605015e-02       2.041827109018e+04 
       2.967535041060e-02       2.034458808733e+04 
       2.981766614502e-02       2.026989677114e+04 
       2.996030081607e-02       2.019547047149e+04 
       3.010326220209e-02       2.012086915967e+04 
       3.024655830459e-02       2.004629520073e+04 
       3.039019735607e-02       1.997182465001e+04 
       3.053418782817e-02       1.989652272375e+04 
       3.067853844012e-02       1.982145221908e+04 
       3.082325816768e-02       1.974638681382e+04 
       3.096835625236e-02       1.967118195415e+04 
       3.111384221116e-02       1.959589121384e+04 
       3.125972584666e-02       1.952049398417e+04 
       3.140601725766e-02       1.944507662410e+04 
       3.155272685023e-02       1.936960850284e+04 
       3.169986534935e-02       1.929401785096e+04 
       3.184744381106e-02       1.921839087866e+04 
       3.199547363520e-02       1.914302469834e+04 
       3.214396657874e-02       1.906699653560e+04 
       3.229293476982e-02       1.899123539906e+04 
       3.244239072240e-02       1.891562785397e+04 
       3.259234735171e-02       1.883981469580e+04 
       3.274281799041e-02       1.876386776140e+04 
       3.289381640559e-02       1.868796273128e+04 
       3.304535681670e-02       1.861217606884e+04 
       3.319745391429e-02       1.853617210012e+04 
       3.335012287981e-02       1.846036914817e+04 
       3.350337940642e-02       1.838444881863e+04 
       3.365723972094e-02       1.830835347295e+04 
       3.381172060695e-02       1.823248660553e+04 
       3.396683942914e-02       1.815672264583e+04 
       3.412261415902e-02       1.808086987670e+04 
       3.427906340207e-02       1.800486203625e+04 
       3.443620642637e-02       1.792891695614e+04 
       3.459406319291e-02       1.785309208084e+04 
       3.475265438758e-02       1.777723960443e+04 
       3.491200145510e-02       1.770144922360e+04 
       3.507212663487e-02       1.762582446711e+04 
       3.523305299897e-02       1.754997370823e+04 
       3.539480449249e-02       1.747432254276e+04 
       3.555740597623e-02       1.739861858516e+04 
       3.572088327212e-02       1.732292237814e+04 
       3.588526321144e-02       1.724724489950e+04 
       3.605057368604e-02       1.717171813245e+04 
       3.621684370287e-02       1.709627825544e+04 
       3.638410344207e-02       1.702070509966e+04 
       3.655238431880e-02       1.694517448476e+04 
       3.672171904923e-02       1.687007973453e+04 
       3.689214172089e-02       1.679453102231e+04 
       3.706368786794e-02       1.671907478861e+04 
       3.723639455150e-02       1.664390995714e+04 
       3.741030044564e-02       1.656838127671e+04 
       3.758544592954e-02       1.649320440016e+04 
       3.776187318619e-02       1.641805373583e+04 
       3.793962630828e-02       1.634296545898e+04 
       3.811875141199e-02       1.626764315371e+04 
       3.829929675923e-02       1.619251906632e+04 
       3.848131288924e-02       1.611752500648e+04 
       3.866485276031e-02       1.604235831954e+04 
       3.884997190265e-02       1.596720044957e+04 
       3.903672858332e-02       1.589236264294e+04 
       3.922518398461e-02       1.581723985490e+04 
       3.941540239695e-02       1.574230364597e+04 
       3.960745142790e-02       1.566725753631e+04 
       3.980140222890e-02       1.559221186125e+04 
       3.999732974147e-02       1.551747495226e+04 
       4.019531296490e-02       1.544233896033e+04 
       4.039543524783e-02       1.536744772905e+04 
       4.059778460613e-02       1.529243962367e+04 
       4.080245407008e-02       1.521705128478e+04 
       4.100954206391e-02       1.514196120585e+04 
       4.121915282171e-02       1.506721118736e+04 
       4.143139684349e-02       1.499189439574e+04 
       4.164639139638e-02       1.491677392428e+04 
       4.186426106628e-02       1.484131461932e+04 
       4.208513836603e-02       1.476618733612e+04 
       4.230916440719e-02       1.469055246413e+04 
       4.253648964345e-02       1.461506214732e+04 
       4.276727469480e-02       1.453957268042e+04 
       4.300169126323e-02       1.446372326819e+04 
       4.323992315206e-02       1.438798604133e+04 
       4.348216740324e-02       1.431186923539e+04 
       4.372863556895e-02       1.423570983834e+04 
       4.397955513668e-02       1.415938703969e+04 
       4.423517113031e-02       1.408282194386e+04 
       4.449574791320e-02       1.400610372242e+04 
       4.476157122416e-02       1.392904046753e+04 
       4.503295048259e-02       1.385198589842e+04 
       4.531022140570e-02       1.377437911173e+04 
       4.559374898866e-02       1.369660785674e+04 
       4.588393090841e-02       1.361862496228e+04 
       4.618120142360e-02       1.354012457069e+04 
       4.648603585772e-02       1.346107380011e+04 
       4.679895577021e-02       1.338207925058e+04 
       4.712053494252e-02       1.330207220678e+04 
       4.745140633308e-02       1.322174449886e+04 
       4.779227018930e-02       1.314127796290e+04 
       4.814390354699e-02       1.305995072540e+04 
       4.850717140050e-02       1.297776207058e+04 
       4.888303989419e-02       1.289460347474e+04 
       4.927259196995e-02       1.281097428510e+04 
       4.967704601303e-02       1.272651865444e+04 
       5.009777817449e-02       1.264099043796e+04 
       5.053634922252e-02       1.255442543933e+04 
       5.099453699606e-02       1.246653782986e+04 
       5.147437581628e-02       1.237776289921e+04 
       5.197820456899e-02       1.228738012788e+04 
       5.250872562096e-02       1.219553203253e+04 
       5.306907729090e-02       1.210114704977e+04 
       5.366292326867e-02       1.200489523636e+04 
       5.429456314977e-02       1.190560142268e+04 
       5.496906905988e-02       1.180411623705e+04 
       5.569245400456e-02       1.169901371627e+04 
       5.647187768379e-02       1.158948056846e+04 
       5.731589419107e-02       1.147514930620e+04 
       5.823474155415e-02       1.135505262881e+04 
       5.924066221515e-02       1.122767115783e+04 
       6.034822055830e-02       1.109053456484e+04 
       6.157453938807e-02       1.094145228800e+04 
       6.293930038554e-02       1.077729881619e+04 
       6.446423813299e-02       1.059290751328e+04 
       6.617172848073e-02       1.038371977105e+04 
       6.808203917046e-02       1.014169346122e+04 
       7.020911710011e-02       9.859801230637e+03 
       7.255569901815e-02       9.531740889984e+03 
       7.510983544689e-02       9.155299941590e+03 
       7.784535711160e-02       8.732191818206e+03 
       8.072699854212e-02       8.272739550402e+03 
       8.371779636877e-02       7.792387992205e+03 
       8.678515599703e-02       7.310054568258e+03 
       8.990369287156e-02       6.844280126951e+03 
       9.305529032511e-02       6.410743355186e+03 
       9.622776080017e-02       6.021005895764e+03 
       9.941321642185e-02       5.681867139370e+03 
       1.026066763522e-01       5.395020059339e+03 
       1.058050434740e-01       5.158169763479e+03 
       1.090064101465e-01       4.965628521693e+03 
       1.122096081052e-01       4.809294927094e+03 
       1.154139243147e-01       4.679839590477e+03 
       1.186189244075e-01       4.567380209221e+03 
       1.218243440114e-01       4.462209921763e+03 
       1.250300222452e-01       4.356189430906e+03 
       1.282358611585e-01       4.242494070493e+03 
       1.314418010463e-01       4.117353671960e+03 
       1.346478054432e-01       3.979143724895e+03 
       1.378538520078e-01       3.828809964369e+03 
       1.410599269875e-01       3.669000833920e+03 
       1.442660218568e-01       3.504150922405e+03 
       1.474721312769e-01       3.339127582732e+03 
       1.506782518555e-01       3.179157444300e+03 
       1.538843813937e-01       3.028555666567e+03 
       1.570905184271e-01       2.890777733056e+03 
       1.602966619477e-01       2.768079416309e+03 
       1.635028112328e-01       2.661403078008e+03 
       1.667089657414e-01       2.570481065299e+03 
       1.699151250502e-01       2.493970261876e+03 
       1.731212888139e-01       2.429756254565e+03 
       1.763274567412e-01       2.375147891001e+03 
       1.795336285788e-01       2.327035174456e+03 
       1.827398041021e-01       2.282717654708e+03 
       1.859459831084e-01       2.239658590745e+03 
       1.891521654127e-01       2.194837584768e+03 
       1.923583508450e-01       2.146906592171e+03 
       1.955645392477e-01       2.094548455008e+03 
       1.987707304747e-01       2.037672116985e+03 
       2.019769243894e-01       1.976873431113e+03 
       2.051831208644e-01       1.913276994012e+03 
       2.083893197803e-01       1.848520316865e+03 
       2.115955210250e-01       1.784238105562e+03 
       2.148017244935e-01       1.721890522656e+03 
       2.180079300869e-01       1.662695168464e+03 
       2.212141377119e-01       1.607687795079e+03 
       2.244203472810e-01       1.557564445777e+03 
       2.276265587113e-01       1.512401582912e+03 
       2.308327719248e-01       1.472390398360e+03 
       2.340389868476e-01       1.437064174266e+03 
       2.372452034101e-01       1.405845707788e+03 
       2.404514215462e-01       1.377979467460e+03 
       2.436576411933e-01       1.352327837986e+03 
       2.468638622922e-01       1.328145558520e+03 
       2.500700847868e-01       1.304328798750e+03 
       2.532763086236e-01       1.280290097754e+03 
       2.564825337520e-01       1.255476641447e+03 
       2.596887601239e-01       1.229630742738e+03 
       2.628949876935e-01       1.202596385589e+03 
       2.661012164173e-01       1.174564080730e+03 
       2.693074462538e-01       1.145757202688e+03 
       2.725136771634e-01       1.116463129922e+03 
       2.757199091087e-01       1.087346837393e+03 
       2.789261420535e-01       1.058701596786e+03 
       2.821323759637e-01       1.031170248002e+03 
       2.853386108065e-01       1.005071288631e+03 
       2.885448465507e-01       9.805974215083e+02 
       2.917510831664e-01       9.579846815702e+02 
       2.949573206250e-01       9.371896115600e+02 
       2.981635588991e-01       9.180441495846e+02 
       3.013697979627e-01       9.003957287934e+02 
       3.045760377906e-01       8.839200554589e+02 
       3.077822783589e-01       8.684095385164e+02 
       3.109885196445e-01       8.535885990539e+02 
       3.141947616253e-01       8.390809190506e+02 
       3.174010042802e-01       8.247641980733e+02 
       3.206072475889e-01       8.104303175045e+02 
       3.238134915318e-01       7.958746805701e+02 
       3.270197360902e-01       7.810732315161e+02 
       3.302259812461e-01       7.660215129346e+02 
       3.334322269821e-01       7.508593245468e+02 
       3.366384732816e-01       7.356734332127e+02 
       3.398447201287e-01       7.206536329183e+02 
       3.430509675077e-01       7.058262613210e+02 
       3.462572154040e-01       6.914181985274e+02 
       3.494634638032e-01       6.775103650518e+02 
       3.526697126915e-01       6.641773648242e+02 
       3.558759620557e-01       6.514715335716e+02 
       3.590822118829e-01       6.394014170179e+02 
       3.622884621608e-01       6.280181052721e+02 
       3.654947128776e-01       6.172017374595e+02 
       3.687009640216e-01       6.069435950323e+02 
       3.719072155817e-01       5.970926281548e+02 
       3.751134675474e-01       5.875974746515e+02 
       3.783197199082e-01       5.782883091717e+02 
       3.815259726541e-01       5.691560118270e+02 
       3.847322257754e-01       5.601246452109e+02 
       3.879384792629e-01       5.511572838785e+02 
       3.911447331074e-01       5.422440310663e+02 
       3.943509873003e-01       5.333437583792e+02 
       3.975572418330e-01       5.245032689386e+02 
       4.007634966973e-01       5.157002847046e+02 
       4.039697518854e-01       5.069944515688e+02 
       4.071760073896e-01       4.984202788885e+02 
       4.103822632024e-01       4.900192877347e+02 
       4.135885193166e-01       4.818478031478e+02 
       4.167947757252e-01       4.738775030201e+02 
       4.200010324215e-01       4.661779601107e+02 
       4.232072893990e-01       4.587393992547e+02 
       4.264135466511e-01       4.515411187178e+02 
       4.296198041719e-01       4.445802835502e+02 
       4.328260619552e-01       4.378458529871e+02 
       4.360323199952e-01       4.313306094952e+02 
       4.392385782864e-01       4.250030836096e+02 
       4.424448368232e-01       4.188416629869e+02 
       4.456510956004e-01       4.127972278886e+02 
       4.488573546127e-01       4.069049988998e+02 
       4.520636138551e-01       4.010585706448e+02 
       4.552698733228e-01       3.953023892502e+02 
       4.584761330110e-01       3.896112040296e+02 
       4.616823929150e-01       3.839835014889e+02 
       4.648886530305e-01       3.784234513078e+02 
       4.680949133531e-01       3.729363061382e+02 
       4.713011738785e-01       3.675282421562e+02 
       4.745074346025e-01       3.622031492659e+02 
       4.777136955213e-01       3.569833686228e+02 
       4.809199566308e-01       3.518542379343e+02 
       4.841262179273e-01       3.468321227295e+02 
       4.873324794070e-01       3.419365848649e+02 
       4.905387410664e-01       3.371706392739e+02 
       4.937450029020e-01       3.325338702910e+02 
       4.969512649103e-01       3.280193744728e+02 
       5.001575270880e-01       3.236166112455e+02 
       5.033637894318e-01       3.193182392593e+02 
       5.065700519386e-01       3.151052219147e+02 
       5.097763146053e-01       3.109763858607e+02 
       5.129825774290e-01       3.069227091993e+02 
       5.161888404065e-01       3.029408656014e+02 
       5.193951035352e-01       2.990237488365e+02 
       5.226013668122e-01       2.951586411778e+02 
       5.258076302347e-01       2.913390449551e+02 
       5.290138938002e-01       2.875734345337e+02 
       5.322201575061e-01       2.838731488181e+02 
       5.354264213497e-01       2.802146361576e+02 
       5.386326853287e-01       2.766181520847e+02 
       5.418389494407e-01       2.730824068407e+02 
       5.450452136832e-01       2.696126199401e+02 
       5.482514780540e-01       2.662088329567e+02 
       5.514577425509e-01       2.628691057184e+02 
       5.546640071715e-01       2.595902297042e+02 
       5.578702719139e-01       2.563747093292e+02 
       5.610765367760e-01       2.532217704163e+02 
       5.642828017556e-01       2.501321744464e+02 
       5.674890668507e-01       2.471032698674e+02 
       5.706953320595e-01       2.441322067144e+02 
       5.739015973800e-01       2.412156452958e+02 
       5.771078628103e-01       2.383479282755e+02 
       5.803141283486e-01       2.355252011052e+02 
       5.835203939932e-01       2.327454010753e+02 
       5.867266597423e-01       2.300080039547e+02 
       5.899329255941e-01       2.273133815639e+02 
       5.931391915471e-01       2.246608833560e+02 
       5.963454575995e-01       2.220493353352e+02 
       5.995517237497e-01       2.194765767198e+02 
       6.027579899963e-01       2.169406088705e+02 
       6.059642563377e-01       2.144404571851e+02 
       6.091705227723e-01       2.119768646368e+02 
       6.123767892987e-01       2.095517568764e+02 
       6.155830559155e-01       2.071670940770e+02 
       6.187893226213e-01       2.048238467095e+02 
       6.219955894146e-01       2.025214011356e+02 
       6.252018562941e-01       2.002578817727e+02 
       6.284081232586e-01       1.980309676512e+02 
       6.316143903066e-01       1.958388918701e+02 
       6.348206574370e-01       1.936807561313e+02 
       6.380269246485e-01       1.915573139158e+02 
       6.412331919399e-01       1.894683215830e+02 
       6.444394593099e-01       1.874135597099e+02 
       6.476457267574e-01       1.853911482647e+02 
       6.508519942813e-01       1.833986638001e+02 
       6.540582618805e-01       1.814340758755e+02 
       6.572645295537e-01       1.794958720035e+02 
       6.604707973000e-01       1.775839976018e+02 
       6.636770651183e-01       1.756991675916e+02 
       6.668833330075e-01       1.738422930591e+02 
       6.700896009667e-01       1.720135622636e+02 
       6.732958689948e-01       1.702128993525e+02 
       6.765021370908e-01       1.684376769630e+02 
       6.797084052538e-01       1.666870787703e+02 
       6.829146734828e-01       1.649604389432e+02 
       6.861209417769e-01       1.632579761451e+02 
       6.893272101352e-01       1.615804849227e+02 
       6.925334785569e-01       1.599287194271e+02 
       6.957397470409e-01       1.583025189455e+02 
       6.989460155865e-01       1.567011059606e+02 
       7.021522841928e-01       1.551228344345e+02 
       7.053585528590e-01       1.535661319039e+02 
       7.085648215842e-01       1.520302170781e+02 
       7.117710903678e-01       1.505148577223e+02 
       7.149773592088e-01       1.490205605569e+02 
       7.181836281065e-01       1.475477510635e+02 
       7.213898970602e-01       1.460962734747e+02 
       7.245961660691e-01       1.446651879634e+02 
       7.278024351325e-01       1.432531681502e+02 
       7.310087042496e-01       1.418590748495e+02 
       7.342149734198e-01       1.404826076418e+02 
       7.374212426424e-01       1.391234866280e+02 
       7.406275119166e-01       1.377830847776e+02 
       7.438337812419e-01       1.364612348378e+02 
       7.470400506175e-01       1.351580283291e+02 
       7.502463200428e-01       1.338730483664e+02 
       7.534525895171e-01       1.326049688972e+02 
       8.235844751278e-01       1.085921121253e+02 
       9.252391049783e-01       8.338893057888e+01 
       1.087023598804e+00       5.756589039666e+01 
