# Matter power spectrum P(k) at redshift z=0
# for k=1.05187e-05 to 1.11941 h/Mpc,
# number of wavenumbers equal to 557
#    1:k (h/Mpc)              2:P (Mpc/h)^3        
       1.051870480496e-05       4.869565492112e+01 
       2.622508249788e-05       1.176963403730e+02 
       4.200469617077e-05       1.855136844682e+02 
       5.792070463846e-05       2.530122529969e+02 
       7.403769886292e-05       3.206982970571e+02 
       9.042255661331e-05       3.889706862194e+02 
       1.071453346998e-04       4.581871018886e+02 
       1.242802158654e-04       5.286913711362e+02 
       1.419065274520e-04       6.008281597048e+02 
       1.601098488465e-04       6.749527874144e+02 
       1.789832241927e-04       7.514387751910e+02 
       1.986284955209e-04       8.306843106953e+02 
       2.191577687318e-04       9.131184241465e+02 
       2.406950199674e-04       9.992068723622e+02 
       2.633778416798e-04       1.089458074605e+03 
       2.873593146794e-04       1.184428854477e+03 
       3.128099726473e-04       1.284729796332e+03 
       3.399197966874e-04       1.391030444908e+03 
       3.689001368448e-04       1.504062885179e+03 
       3.999854027105e-04       1.624623778403e+03 
       4.334342949777e-04       1.753573770778e+03 
       4.695302655891e-04       1.891832523831e+03 
       5.085808026677e-04       2.040368575768e+03 
       5.509150531567e-04       2.200181705951e+03 
       5.968792483315e-04       2.372276182583e+03 
       6.468294258955e-04       2.557624778178e+03 
       7.011210974796e-04       2.757120555168e+03 
       7.600958381449e-04       2.971521292328e+03 
       8.240652908269e-04       3.201385819104e+03 
       8.932937353034e-04       3.447011194717e+03 
       9.679810304007e-04       3.708376467736e+03 
       1.048248182561e-03       3.985103213526e+03 
       1.134127794354e-03       4.276440268451e+03 
       1.225561075334e-03       4.581278390285e+03 
       1.322402030031e-03       4.898195082641e+03 
       1.424428163132e-03       5.225524210540e+03 
       1.531355950909e-03       5.561440224520e+03 
       1.642858733857e-03       5.904045362541e+03 
       1.758584690005e-03       6.251446700493e+03 
       1.878173030885e-03       6.601823883419e+03 
       2.001267278567e-03       6.953474673727e+03 
       2.127525191525e-03       7.304848460012e+03 
       2.256625454540e-03       7.654564694837e+03 
       2.388271581083e-03       8.001416209508e+03 
       2.522193617705e-03       8.344364663019e+03 
       2.658148244814e-03       8.682538161592e+03 
       2.795917795798e-03       9.015200855751e+03 
       2.935308612548e-03       9.341755073726e+03 
       3.076149049516e-03       9.661717869643e+03 
       3.218287345501e-03       9.974707168754e+03 
       3.361589508060e-03       1.028042856165e+04 
       3.505937299705e-03       1.057866269218e+04 
       3.651226375441e-03       1.086925268551e+04 
       3.797364594249e-03       1.115209786301e+04 
       3.944270509672e-03       1.142714384384e+04 
       4.091872033997e-03       1.169436844783e+04 
       4.240105264462e-03       1.195379295164e+04 
       4.388913456999e-03       1.220545881867e+04 
       4.538246131989e-03       1.244942824927e+04 
       4.688058296756e-03       1.268578839382e+04 
       4.838309770382e-03       1.291458698862e+04 
       4.988964597673e-03       1.313603972426e+04 
       5.139990540474e-03       1.335020290454e+04 
       5.291358635895e-03       1.355714914543e+04 
       5.443042812327e-03       1.375718995278e+04 
       5.595019555307e-03       1.395032327739e+04 
       5.747267616372e-03       1.413606934797e+04 
       5.899767759008e-03       1.431584311343e+04 
       6.052502536593e-03       1.448913491645e+04 
       6.205456097988e-03       1.465608864231e+04 
       6.358614017034e-03       1.481695867067e+04 
       6.511963142737e-03       1.497189428363e+04 
       6.665491467399e-03       1.512090949624e+04 
       6.819188010327e-03       1.526399443001e+04 
       6.973042715098e-03       1.540147808148e+04 
       7.127046358617e-03       1.553352570363e+04 
       7.281190470487e-03       1.566021890704e+04 
       7.435467261381e-03       1.578162322221e+04 
       7.589869559298e-03       1.589787641229e+04 
       7.744390752740e-03       1.600922233759e+04 
       7.899024739973e-03       1.611629758334e+04 
       8.053765883632e-03       1.621812548892e+04 
       8.208608970057e-03       1.631536148481e+04 
       8.363549172796e-03       1.640813654818e+04 
       8.518582019796e-03       1.649652858792e+04 
       8.673703363874e-03       1.658064832917e+04 
       8.828909356086e-03       1.666060858605e+04 
       8.984196421689e-03       1.673653191401e+04 
       9.139561238395e-03       1.680844013078e+04 
       9.295000716689e-03       1.687654203716e+04 
       9.450511981982e-03       1.694087194599e+04 
       9.606092358399e-03       1.700155398181e+04 
       9.761739354052e-03       1.705866372400e+04 
       9.917450647628e-03       1.711227770424e+04 
       1.007322407617e-02       1.716250305949e+04 
       1.022905762393e-02       1.720940167822e+04 
       1.038494941218e-02       1.725307203712e+04 
       1.054089768989e-02       1.729359697266e+04 
       1.069690082524e-02       1.733105720748e+04 
       1.085295729777e-02       1.736554494187e+04 
       1.100906569124e-02       1.739702598404e+04 
       1.116522468703e-02       1.742567388181e+04 
       1.132143305813e-02       1.745157047920e+04 
       1.147768966356e-02       1.747474392645e+04 
       1.163399344324e-02       1.749527759013e+04 
       1.179034341333e-02       1.751324789911e+04 
       1.194673866184e-02       1.752861649812e+04 
       1.210317834462e-02       1.754159757919e+04 
       1.225966168171e-02       1.755214949297e+04 
       1.241618795388e-02       1.756035052293e+04 
       1.257275649948e-02       1.756627641652e+04 
       1.272936671154e-02       1.756999381543e+04 
       1.288601803507e-02       1.757151953270e+04 
       1.304270996454e-02       1.757092808979e+04 
       1.319944204159e-02       1.756826647014e+04 
       1.335621385288e-02       1.756362739455e+04 
       1.351302502812e-02       1.755704850861e+04 
       1.366987523820e-02       1.754841963566e+04 
       1.382676419355e-02       1.753803774985e+04 
       1.398369164251e-02       1.752569680645e+04 
       1.414065736989e-02       1.751165143691e+04 
       1.429766119565e-02       1.749590073841e+04 
       1.445470297359e-02       1.747835500720e+04 
       1.461178259025e-02       1.745919675670e+04 
       1.476889996382e-02       1.743788573045e+04 
       1.492605504315e-02       1.741605479640e+04 
       1.508324780684e-02       1.739222295258e+04 
       1.524047826239e-02       1.736675863685e+04 
       1.539774644548e-02       1.733993654358e+04 
       1.555505241916e-02       1.731162616174e+04 
       1.571239627330e-02       1.728193958053e+04 
       1.586977812394e-02       1.725090110360e+04 
       1.602719811272e-02       1.721856837621e+04 
       1.618465640646e-02       1.718496382937e+04 
       1.634215319662e-02       1.715002789819e+04 
       1.649968869895e-02       1.711392935705e+04 
       1.665726315313e-02       1.707620099783e+04 
       1.681487682239e-02       1.703746845004e+04 
       1.697252999326e-02       1.699854336984e+04 
       1.713022297531e-02       1.695773972921e+04 
       1.728795610091e-02       1.691603927714e+04 
       1.744572972506e-02       1.687310727503e+04 
       1.760354422521e-02       1.682873017631e+04 
       1.776140000116e-02       1.678388765272e+04 
       1.791929747492e-02       1.673810944380e+04 
       1.807723709065e-02       1.669187533699e+04 
       1.823521931464e-02       1.664420662453e+04 
       1.839324463522e-02       1.659515933105e+04 
       1.855131356282e-02       1.654620251823e+04 
       1.870942662995e-02       1.649548568958e+04 
       1.886758439128e-02       1.644440773000e+04 
       1.902578742367e-02       1.639310777611e+04 
       1.918403632628e-02       1.633980562807e+04 
       1.934233172069e-02       1.628639169946e+04 
       1.950067425098e-02       1.623243099183e+04 
       1.965906458395e-02       1.617747409841e+04 
       1.981750340921e-02       1.612260762639e+04 
       1.997599143944e-02       1.606590671314e+04 
       2.013452941053e-02       1.600912370391e+04 
       2.029311808186e-02       1.595169153438e+04 
       2.045175823649e-02       1.589423800462e+04 
       2.061045068149e-02       1.583504263789e+04 
       2.076919624814e-02       1.577643504310e+04 
       2.092799579227e-02       1.571678275435e+04 
       2.108685019460e-02       1.565653388287e+04 
       2.124576036101e-02       1.559526369565e+04 
       2.140472722292e-02       1.553407592693e+04 
       2.156375173768e-02       1.547245163699e+04 
       2.172283488892e-02       1.541036998080e+04 
       2.188197768699e-02       1.534775768141e+04 
       2.204118116933e-02       1.528514985102e+04 
       2.220044640097e-02       1.522124813825e+04 
       2.235977447493e-02       1.515794642921e+04 
       2.251916651276e-02       1.509341651413e+04 
       2.267862366498e-02       1.502904778242e+04 
       2.283814711161e-02       1.496397206025e+04 
       2.299773806272e-02       1.489901181104e+04 
       2.315739775897e-02       1.483371193353e+04 
       2.331712747219e-02       1.476740725181e+04 
       2.347692850595e-02       1.470131160662e+04 
       2.363680219620e-02       1.463497880071e+04 
       2.379674991190e-02       1.456883992211e+04 
       2.395677305565e-02       1.450189776676e+04 
       2.411687306441e-02       1.443445965443e+04 
       2.427705141014e-02       1.436717506647e+04 
       2.443730960059e-02       1.429985727371e+04 
       2.459764917998e-02       1.423225282215e+04 
       2.475807172981e-02       1.416413850831e+04 
       2.491857886964e-02       1.409627311364e+04 
       2.507917225790e-02       1.402792500952e+04 
       2.523985359275e-02       1.395970001105e+04 
       2.540062461292e-02       1.389116507313e+04 
       2.556148709862e-02       1.382257693545e+04 
       2.572244287249e-02       1.375385780918e+04 
       2.588349380049e-02       1.368510126548e+04 
       2.604464179293e-02       1.361621523418e+04 
       2.620588880547e-02       1.354727434651e+04 
       2.636723684014e-02       1.347835442794e+04 
       2.652868794644e-02       1.340918673610e+04 
       2.669024422243e-02       1.334007161101e+04 
       2.685190781584e-02       1.327094129620e+04 
       2.701368092532e-02       1.320177708653e+04 
       2.717556580156e-02       1.313255614880e+04 
       2.733756474859e-02       1.306334394523e+04 
       2.749968012505e-02       1.299415369233e+04 
       2.766191434550e-02       1.292507843476e+04 
       2.782426988181e-02       1.285580305862e+04 
       2.798674926454e-02       1.278683278062e+04 
       2.814935508438e-02       1.271757522227e+04 
       2.831208999369e-02       1.264851597621e+04 
       2.847495670798e-02       1.257951371586e+04 
       2.863795800753e-02       1.251072365448e+04 
       2.880109673902e-02       1.244161626039e+04 
       2.896437581723e-02       1.237282033108e+04 
       2.912779822675e-02       1.230429348963e+04 
       2.929136702380e-02       1.223552746066e+04 
       2.945508533806e-02       1.216700124924e+04 
       2.961895637461e-02       1.209855363816e+04 
       2.978298341587e-02       1.203022131431e+04 
       2.994716982367e-02       1.196207475201e+04 
       3.011151904130e-02       1.189404221605e+04 
       3.027603459574e-02       1.182603919030e+04 
       3.044072009986e-02       1.175839582230e+04 
       3.060557925472e-02       1.169064149589e+04 
       3.077061585201e-02       1.162319180198e+04 
       3.093583377646e-02       1.155576516722e+04 
       3.110123700843e-02       1.148857705164e+04 
       3.126682962654e-02       1.142156446012e+04 
       3.143261581038e-02       1.135474752499e+04 
       3.159859984334e-02       1.128827507996e+04 
       3.176478611549e-02       1.122171386922e+04 
       3.193117912666e-02       1.115542845217e+04 
       3.209778348948e-02       1.108922257705e+04 
       3.226460393267e-02       1.102333559932e+04 
       3.243164530433e-02       1.095761722355e+04 
       3.259891257541e-02       1.089212974719e+04 
       3.276641084332e-02       1.082683694768e+04 
       3.293414533558e-02       1.076177862835e+04 
       3.310212141370e-02       1.069697997088e+04 
       3.327034457713e-02       1.063237247575e+04 
       3.343882046742e-02       1.056790032631e+04 
       3.360755487245e-02       1.050382501070e+04 
       3.377655373090e-02       1.043991393480e+04 
       3.394582313681e-02       1.037613162236e+04 
       3.411536934438e-02       1.031268694760e+04 
       3.428519877292e-02       1.024948942076e+04 
       3.445531801195e-02       1.018667199774e+04 
       3.462573382658e-02       1.012379043654e+04 
       3.479645316302e-02       1.006136019568e+04 
       3.496748315436e-02       9.999212641350e+03 
       3.513883112653e-02       9.937270943142e+03 
       3.531050460455e-02       9.875627000683e+03 
       3.548251131896e-02       9.814221676205e+03 
       3.565485921256e-02       9.753091314481e+03 
       3.582755644745e-02       9.692209358157e+03 
       3.600061141224e-02       9.631736871607e+03 
       3.617403272971e-02       9.571349545234e+03 
       3.634782926466e-02       9.511325880090e+03 
       3.652201013216e-02       9.451565964223e+03 
       3.669658470615e-02       9.392071302008e+03 
       3.687156262834e-02       9.332881020882e+03 
       3.704695381758e-02       9.273971780245e+03 
       3.722276847957e-02       9.215358272328e+03 
       3.739901711702e-02       9.156983393648e+03 
       3.757571054029e-02       9.098974101299e+03 
       3.775285987841e-02       9.041218117032e+03 
       3.793047659069e-02       8.983832469145e+03 
       3.810857247885e-02       8.926652515225e+03 
       3.828715969959e-02       8.869775640996e+03 
       3.846625077793e-02       8.813108025938e+03 
       3.864585862098e-02       8.756803373372e+03 
       3.882599653248e-02       8.700813826672e+03 
       3.900667822800e-02       8.645120809894e+03 
       3.918791785085e-02       8.589677290067e+03 
       3.936972998874e-02       8.534588941376e+03 
       3.955212969137e-02       8.479818252183e+03 
       3.973513248870e-02       8.425335290364e+03 
       3.991875441030e-02       8.371123216689e+03 
       4.010301200558e-02       8.317184409605e+03 
       4.028792236507e-02       8.263582444250e+03 
       4.047350314281e-02       8.210229555842e+03 
       4.065977257986e-02       8.157185633902e+03 
       4.084674952909e-02       8.104502323640e+03 
       4.103445348127e-02       8.052009839776e+03 
       4.122290459249e-02       7.999880985099e+03 
       4.141212371320e-02       7.948134202619e+03 
       4.160213241868e-02       7.896512896299e+03 
       4.179295304132e-02       7.845296937940e+03 
       4.198460870460e-02       7.794323665998e+03 
       4.217712335911e-02       7.743669927514e+03 
       4.237052182049e-02       7.693303055273e+03 
       4.256482980967e-02       7.643247657715e+03 
       4.276007399541e-02       7.593452073226e+03 
       4.295628203934e-02       7.543950359401e+03 
       4.315348264376e-02       7.494764278457e+03 
       4.335170560223e-02       7.445929221159e+03 
       4.355098185338e-02       7.397249849580e+03 
       4.375134353792e-02       7.348943485066e+03 
       4.395282405935e-02       7.300921873543e+03 
       4.415545814840e-02       7.253056348633e+03 
       4.435928193176e-02       7.205569521414e+03 
       4.456433300511e-02       7.158338882770e+03 
       4.477065051112e-02       7.111386275883e+03 
       4.497827522257e-02       7.064748956080e+03 
       4.518724963111e-02       7.018314795930e+03 
       4.539761804209e-02       6.972227610455e+03 
       4.560942667602e-02       6.926376172369e+03 
       4.582272377713e-02       6.880796547428e+03 
       4.603755972969e-02       6.835468547577e+03 
       4.625398718275e-02       6.790379866408e+03 
       4.647206118401e-02       6.745602261906e+03 
       4.669183932369e-02       6.701122053172e+03 
       4.691338188924e-02       6.656797440225e+03 
       4.713675203188e-02       6.612760562083e+03 
       4.736201594612e-02       6.568930858786e+03 
       4.758924306342e-02       6.525362337898e+03 
       4.781850626138e-02       6.482091474747e+03 
       4.804988208994e-02       6.439060787863e+03 
       4.828345101626e-02       6.396195109291e+03 
       4.851929769016e-02       6.353601428869e+03 
       4.875751123221e-02       6.311267720747e+03 
       4.899818554675e-02       6.269114534040e+03 
       4.924141966259e-02       6.227200801039e+03 
       4.948731810412e-02       6.185515194577e+03 
       4.973599129636e-02       6.143980597979e+03 
       4.998755600750e-02       6.102684954580e+03 
       5.024213583323e-02       6.061568490182e+03 
       5.049986172762e-02       6.020803370296e+03 
       5.076087258594e-02       5.980058536148e+03 
       5.102531588551e-02       5.939583627125e+03 
       5.129334839169e-02       5.899234200403e+03 
       5.156513693688e-02       5.858991015404e+03 
       5.184085928170e-02       5.819098182564e+03 
       5.212070506888e-02       5.779222238285e+03 
       5.240487688182e-02       5.739631531691e+03 
       5.269359142175e-02       5.700107117359e+03 
       5.298708081956e-02       5.660559038191e+03 
       5.328559410081e-02       5.621466450396e+03 
       5.358939882568e-02       5.582239160452e+03 
       5.389878292888e-02       5.543120798980e+03 
       5.421405678915e-02       5.504230921640e+03 
       5.453555556278e-02       5.465317196654e+03 
       5.486364182181e-02       5.426673814303e+03 
       5.519870854500e-02       5.388085893997e+03 
       5.554118251826e-02       5.349386350937e+03 
       5.589152821224e-02       5.310566066959e+03 
       5.625025221771e-02       5.271958232024e+03 
       5.661790833518e-02       5.233594526490e+03 
       5.699510343510e-02       5.195162621862e+03 
       5.738250422859e-02       5.156407819886e+03 
       5.778084511885e-02       5.117825095842e+03 
       5.819093733986e-02       5.078974930447e+03 
       5.861367963554e-02       5.040152547383e+03 
       5.905007078951e-02       5.000990657943e+03 
       5.950122438852e-02       4.961846323288e+03 
       5.996838629364e-02       4.922224124615e+03 
       6.045295540896e-02       4.882598033764e+03 
       6.095650848429e-02       4.842497042370e+03 
       6.148082987535e-02       4.801898442777e+03 
       6.202794742287e-02       4.760902399394e+03 
       6.260017591583e-02       4.719318528233e+03 
       6.320016998987e-02       4.677095196876e+03 
       6.383098879994e-02       4.633913536482e+03 
       6.449617541681e-02       4.589849566874e+03 
       6.519985464511e-02       4.544736465997e+03 
       6.594685384678e-02       4.498018131748e+03 
       6.674285233535e-02       4.449834061773e+03 
       6.759456584941e-02       4.399686699699e+03 
       6.850997318770e-02       4.346949594166e+03 
       6.949859157434e-02       4.291129783883e+03 
       7.057180424440e-02       4.231900590561e+03 
       7.174323523617e-02       4.167839843769e+03 
       7.302914719309e-02       4.097930164184e+03 
       7.444879924105e-02       4.021098655048e+03 
       7.602463078321e-02       3.934918202749e+03 
       7.778202041343e-02       3.837410831868e+03 
       7.974821201966e-02       3.726024650370e+03 
       8.194987207938e-02       3.597558994099e+03 
       8.440885183682e-02       3.449669922019e+03 
       8.713642808918e-02       3.281108900368e+03 
       9.012774186257e-02       3.092921534621e+03 
       9.335950955084e-02       2.889883853635e+03 
       9.679341746827e-02       2.679109097834e+03 
       1.003842518803e-01       2.470408283134e+03 
       1.040886574100e-01       2.272863930282e+03 
       1.078707756765e-01       2.093901473371e+03 
       1.117039207222e-01       1.938084852400e+03 
       1.155696295049e-01       1.807055244680e+03 
       1.194557333739e-01       1.699923834614e+03 
       1.233544596179e-01       1.614026919291e+03 
       1.272609406497e-01       1.545473243639e+03 
       1.311721653929e-01       1.489661597317e+03 
       1.350862851714e-01       1.441975170767e+03 
       1.390021701249e-01       1.398193493893e+03 
       1.429191315632e-01       1.354777611732e+03 
       1.468367503309e-01       1.309141697227e+03 
       1.507547714965e-01       1.259863865838e+03 
       1.546730400264e-01       1.206644313201e+03 
       1.585914616008e-01       1.149959478319e+03 
       1.625099787819e-01       1.091167800736e+03 
       1.664285565351e-01       1.032094759801e+03 
       1.703471734354e-01       9.744946599475e+02 
       1.742658163296e-01       9.199852827556e+02 
       1.781844770958e-01       8.698555234914e+02 
       1.821031506758e-01       8.249580886059e+02 
       1.860218338805e-01       7.855854573181e+02 
       1.899405246644e-01       7.516152553575e+02 
       1.938592216841e-01       7.225726856623e+02 
       1.977779240302e-01       6.977376668523e+02 
       2.016966310634e-01       6.761969849990e+02 
       2.056153423149e-01       6.570102845266e+02 
       2.095340574253e-01       6.392676224928e+02 
       2.134527761067e-01       6.221505446086e+02 
       2.173714981195e-01       6.050721725031e+02 
       2.212902232582e-01       5.875833107651e+02 
       2.252089513415e-01       5.694882765802e+02 
       2.291276822071e-01       5.508583160162e+02 
       2.330464157073e-01       5.315682761239e+02 
       2.369651517067e-01       5.122315021918e+02 
       2.408838900799e-01       4.931896435932e+02 
       2.448026307108e-01       4.747407778134e+02 
       2.487213734910e-01       4.571367698117e+02 
       2.526401183192e-01       4.406034616827e+02 
       2.565588651004e-01       4.252745865287e+02 
       2.604776137458e-01       4.112102541731e+02 
       2.643963641717e-01       3.983863104753e+02 
       2.683151162994e-01       3.866944118268e+02 
       2.722338700550e-01       3.759672138307e+02 
       2.761526253685e-01       3.659831042750e+02 
       2.800713821741e-01       3.565443042310e+02 
       2.839901404096e-01       3.474937083231e+02 
       2.879089000163e-01       3.387156605223e+02 
       2.918276609385e-01       3.301302432333e+02 
       2.957464231236e-01       3.216907315547e+02 
       2.996651865216e-01       3.133701774698e+02 
       3.035839510854e-01       3.051520836684e+02 
       3.075027167701e-01       2.970095472067e+02 
       3.114214835331e-01       2.889604900358e+02 
       3.153402513340e-01       2.810457974857e+02 
       3.192590201342e-01       2.733238876802e+02 
       3.231777898973e-01       2.658692488036e+02 
       3.270965605884e-01       2.587239298056e+02 
       3.310153321744e-01       2.519382236319e+02 
       3.349341046236e-01       2.455224604775e+02 
       3.388528779060e-01       2.394481545327e+02 
       3.427716519928e-01       2.336774509296e+02 
       3.466904268566e-01       2.281770486364e+02 
       3.506092024711e-01       2.229059638538e+02 
       3.545279788114e-01       2.178441826706e+02 
       3.584467558536e-01       2.129692848010e+02 
       3.623655335746e-01       2.082598425312e+02 
       3.662843119527e-01       2.036888689379e+02 
       3.702030909668e-01       1.992282794638e+02 
       3.741218705969e-01       1.948547200611e+02 
       3.780406508237e-01       1.905563801935e+02 
       3.819594316287e-01       1.863381962176e+02 
       3.858782129942e-01       1.822036270306e+02 
       3.897969949033e-01       1.781764934691e+02 
       3.937157773396e-01       1.742707486333e+02 
       3.976345602875e-01       1.704883735127e+02 
       4.015533437319e-01       1.668313824224e+02 
       4.054721276583e-01       1.632829935221e+02 
       4.093909120529e-01       1.598470656686e+02 
       4.133096969023e-01       1.565197318396e+02 
       4.172284821936e-01       1.533032882857e+02 
       4.211472679143e-01       1.502004813287e+02 
       4.250660540526e-01       1.472103891083e+02 
       4.289848405970e-01       1.443256082103e+02 
       4.329036275364e-01       1.415314911432e+02 
       4.368224148601e-01       1.388120607386e+02 
       4.407412025578e-01       1.361571069324e+02 
       4.446599906196e-01       1.335487809136e+02 
       4.485787790359e-01       1.309974989919e+02 
       4.524975677974e-01       1.285027329478e+02 
       4.564163568953e-01       1.260694869627e+02 
       4.603351463209e-01       1.236998990135e+02 
       4.642539360658e-01       1.213950120996e+02 
       4.681727261220e-01       1.191443584962e+02 
       4.720915164818e-01       1.169474940125e+02 
       4.760103071376e-01       1.148030966848e+02 
       4.799290980820e-01       1.127131124227e+02 
       4.838478893082e-01       1.106805425397e+02 
       4.877666808092e-01       1.087077773598e+02 
       4.916854725785e-01       1.067935046168e+02 
       4.956042646096e-01       1.049326772503e+02 
       4.995230568964e-01       1.031167074843e+02 
       5.034418494329e-01       1.013408365394e+02 
       5.073606422133e-01       9.960371788659e+01 
       5.112794352320e-01       9.789729501405e+01 
       5.151982284834e-01       9.623157962122e+01 
       5.191170219624e-01       9.460677496615e+01 
       5.230358156637e-01       9.302662413997e+01 
       5.269546095824e-01       9.148478110493e+01 
       5.308734037137e-01       8.997940584490e+01 
       5.347921980528e-01       8.850642839529e+01 
       5.387109925953e-01       8.706313125847e+01 
       5.426297873366e-01       8.564890461917e+01 
       5.465485822726e-01       8.426551365896e+01 
       5.504673773989e-01       8.291300256668e+01 
       5.543861727117e-01       8.159579247212e+01 
       5.583049682069e-01       8.031076270695e+01 
       5.622237638807e-01       7.905455304676e+01 
       5.661425597294e-01       7.782548729084e+01 
       5.700613557494e-01       7.661771265351e+01 
       5.739801519371e-01       7.543283839666e+01 
       5.778989482892e-01       7.427074250793e+01 
       5.818177448022e-01       7.313850948268e+01 
       5.857365414730e-01       7.203219931930e+01 
       5.896553382984e-01       7.095289527679e+01 
       5.935741352754e-01       6.989774232208e+01 
       5.974929324008e-01       6.886360428325e+01 
       6.014117296719e-01       6.784802272640e+01 
       6.053305270858e-01       6.685025069463e+01 
       6.092493246397e-01       6.587086564822e+01 
       6.131681223309e-01       6.491181240401e+01 
       6.170869201568e-01       6.397361135080e+01 
       6.210057181149e-01       6.305698777996e+01 
       6.249245162026e-01       6.216001693787e+01 
       6.288433144175e-01       6.128026530845e+01 
       6.327621127573e-01       6.041598413375e+01 
       6.366809112196e-01       5.956631830613e+01 
       6.405997098022e-01       5.873207985932e+01 
       6.445185085029e-01       5.791359874610e+01 
       6.484373073195e-01       5.711383613464e+01 
       6.523561062500e-01       5.633176137277e+01 
       6.562749052922e-01       5.556593966352e+01 
       6.601937044442e-01       5.481444860736e+01 
       6.641125037041e-01       5.407527669691e+01 
       6.680313030699e-01       5.334791296238e+01 
       6.719501025398e-01       5.263261605163e+01 
       6.758689021120e-01       5.193057513618e+01 
       6.797877017847e-01       5.124294293379e+01 
       6.837065015561e-01       5.056978564760e+01 
       6.876253014246e-01       4.991038691379e+01 
       6.915441013885e-01       4.926302382445e+01 
       6.954629014462e-01       4.862617619895e+01 
       6.993817015961e-01       4.799903071155e+01 
       7.033005018367e-01       4.738180821950e+01 
       7.072193021664e-01       4.677534170031e+01 
       7.111381025838e-01       4.618052700580e+01 
       7.150569030875e-01       4.559781697446e+01 
       7.189757036760e-01       4.502645075016e+01 
       7.228945043479e-01       4.446541082656e+01 
       7.268133051019e-01       4.391320768263e+01 
       7.307321059366e-01       4.336907372204e+01 
       7.346509068508e-01       4.283297610347e+01 
       7.385697078432e-01       4.230579697166e+01 
       7.424885089126e-01       4.178832182033e+01 
       7.464073100577e-01       4.128094118901e+01 
       7.503261112773e-01       4.078338958262e+01 
       7.542449125704e-01       4.029485220206e+01 
       7.581637139357e-01       3.981287888941e+01 
       8.010318172035e-01       3.501826403747e+01 
       8.520388588701e-01       3.030135264319e+01 
       9.153880633792e-01       2.558815306960e+01 
       9.990464569400e-01       2.079415808117e+01 
       1.119410095226e+00       1.584735058183e+01 
